85279
46012
94499
72138
35460
49272
98854
60614
35278
76565
84884
15551
87998
1910
97482
43059
13415
84320
44726
19957
16879
49611
83180
59859
51923
23293
5055
4858
694
54039
9993
26268
45052
77501
14619
67130
62605
24761
81031
2884
99813
4181
76164
16078
30568
39483
1324
90951
96923
33104
45299
76009
68066
22819
53198
16376
86808
2164
89162
85240
28678
61236
93676
3936
37528
42741
31423
87890
56389
26629
81096
2958
61505
23158
95888
84902
98424
48194
26050
93042
47706
54513
85140
67347
91661
46122
76231
73383
63751
49047
54491
22320
50580
83628
62312
4237
3132
50758
99934
8935
84659
85238
35335
15564
18994
923
34542
85481
84406
62770
96260
35307
33550
6662
43354
41155
20179
43608
6115
87127
50691
51044
47741
35363
82243
6681
47662
42561
70779
86940
79155
84482
30184
33907
48114
80353
17943
64778
77106
23272
33907
57799
57774
91636
5315
87554
3155
88074
87771
77076
74289
24211
11768
56405
53840
92833
97999
37050
80127
23008
85997
72175
38401
69475
40547
26643
45036
77806
21517
79007
48711
90656
76646
39059
20895
2483
62092
74242
29468
20466
7107
23791
30409
72002
622
46140
81278
79618
44227
7467
23560
64489
98393
98787
73734
26744
31958
89179
18821
18616
26186
8763
58895
58830
98252
18844
68185
96984
26806
96843
11817
7805
18411
9178
16819
20411
61531
25147
96702
25652
8934
18426
41619
92608
61797
80862
63466
27937
22469
23455
38262
8842
55086
72497
61027
80212
94519
9196
86017
39556
17801
32942
39123
93658
88355
58419
16475
21171
41823
42334
82630
61416
70869
50839
46558
50883
87911
17224
81312
71583
97059
99798
93724
7731
19636
21231
16795
46708
55823
51852
68444
77642
35777
96666
26299
10927
35509
65529
18738
19473
56898
83387
38740
67569
40991
9250
17215
15344
49751
89498
89425
43517
21219
94757
98436
57276
90505
13590
81529
7031
59604
47843
72281
88478
30158
42703
12827
1941
77480
27632
16949
986
66016
88153
1683
44789
43921
69733
74139
59632
51638
59134
4404
91878
27532
53087
40003
61108
64030
95383
94870
63821
90023
6390
75905
3322
69937
79516
3821
79097
58914
23254
81978
17606
13681
3314
31224
91261
80247
71000
235
62947
20254
10518
4774
26629
86142
9374
89262
82058
26159
54680
16718
96302
38710
96390
73853
63789
37958
52645
53106
86346
39821
78390
13328
53338
52355
18371
59282
92062
63437
43356
8109
60607
38952
93021
21304
346
24039
54213
87785
32660
30142
85410
27547
10587
36079
3686
99334
34257
6269
34371
70208
75838
10488
20114
87980
29358
3583
89744
20945
70203
9327
51394
15375
9649
38435
90361
13420
3648
62333
55847
57922
6249
4392
34403
26151
72842
30740
83637
47053
80073
74130
99168
57471
19279
40386
11379
30828
70408
38251
54588
26279
76072
91974
32172
34943
28502
24377
70628
14073
41442
88229
26086
75394
52031
11416
20536
48428
54537
60607
28578
38638
13690
223
74884
2958
29757
36236
21462
56045
33039
57851
10219
60431
14333
36906
21092
84041
3970
71661
73006
3192
60310
81202
94356
30181
27717
45547
90610
54042
12261
29745
91561
2603
95730
84291
2335
54413
43080
93920
4666
1941
67996
74638
50535
23075
71959
34579
92999
40383
95480
13356
5879
45618
76817
72419
21717
31058
23811
88050
6782
16415
97355
28617
95122
80406
73174
86382
59849
90675
86617
36189
7965
23306
43526
32438
23795
23584
10030
2698
37046
7118
68709
13679
12914
48063
64570
61079
50678
39662
55027
52866
9001
59229
11788
9473
98305
16087
40250
13942
77830
33176
41565
94644
1637
37658
46176
37585
93469
58222
61965
64244
6600
68929
4164
46575
56425
74288
28792
9840
66862
18240
31805
73456
91758
79693
25428
49715
3309
87357
96197
20318
86683
33630
15543
88098
15360
39630
79763
26330
31353
90442
32651
49302
92629
8420
3443
36166
52807
60829
25378
75353
96473
31783
93404
96179
8780
29235
19658
6043
3552
70627
86905
48596
28001
51937
52058
44993
15397
3792
43286
16382
68916
57882
11769
46273
82294
81581
88104
32782
35773
12070
62681
79440
45424
90885
46050
25531
64430
48421
47993
73080
33152
20232
83232
44590
79660
65931
85304
88296
64001
6024
34444
21317
29703
63808
13397
11674
18813
77083
95538
76310
86626
70964
34228
82600
39557
16955
46337
54979
24977
26994
80288
58700
8760
51066
64575
14001
52032
29004
41750
27534
66253
95389
98003
76173
82347
5159
96022
51283
75926
20993
67174
49280
44920
85469
53316
84891
24531
57952
54171
8779
99221
51145
96479
60481
8670
75669
12103
78066
65104
83747
37230
6591
43409
38162
45758
38799
21649
75933
66786
49288
96775
74090
21643
35654
94763
57810
31072
92759
77719
79085
31615
34944
78752
54871
89931
99710
32665
29666
71739
78351
85773
1219
71960
78728
92366
25245
77621
36775
73993
5759
53811
64367
77429
37274
41516
44586
53966
17619
48770
26512
30598
90826
66181
65789
34285
73419
85320
57482
89879
232
38651
62534
39251
63905
64168
48930
59459
95813
75978
87305
79650
64972
6079
40757
8246
80699
82969
38477
85283
28373
41289
94008
28576
63213
2771
58708
32045
71367
95728
21279
68093
75184
64087
62595
46059
5677
25385
64272
67844
61077
88243
79918
60418
38163
50168
96021
90517
98173
65227
67801
67531
22103
4501
70665
24727
10811
75277
13588
19158
16447
96099
2270
28968
95544
97845
32017
92387
81420
45832
62080
2842
90775
46056
8752
8730
30576
21318
19312
1634
21415
9543
57865
58337
72919
20687
67570
43761
29283
86892
85099
84276
86759
57284
48813
13136
84003
5932
53665
59476
7797
94142
36447
86956
53817
35267
13195
21715
82188
93088
76552
6277
19557
68631
73057
79546
86061
46522
55176
40322
45221
90809
4260
38588
87194
23769
42589
44916
6484
61780
21630
83232
40788
91325
21135
36959
38734
15690
12996
96911
32054
99371
66821
99477
23262
78734
57455
86693
53001
94796
32190
46674
80544
74904
98832
47104
36644
40178
47513
3218
25803
46880
15443
87465
11260
72874
38786
78269
15901
98481
33332
72503
64043
59972
63567
70595
87760
2625
58961
31149
28044
69674
1082
70932
23831
73903
25873
71307
64103
58414
15376
27201
335
79188
70520
53346
40835
34311
33540
67434
11860
88296
59970
95378
21439
59802
55430
96298
60002
38790
58277
18920
66487
66707
33059
10314
77072
79173
34733
21853
96437
24075
79831
40067
82889
2198
39293
825
11536
23487
78521
7249
93034
57477
93547
3697
16389
64287
27942
5972
13355
2219
1636
72149
40058
5244
57017
41108
23091
63759
78302
55470
24554
8738
93198
62522
91344
94474
16762
45080
53041
40970
9899
95625
76768
59108
75468
76301
10650
51767
36208
1452
31790
10377
49102
57627
96493
72555
56445
72969
17792
6400
48265
91314
29173
68396
19590
10543
37931
91108
61320
1614
1237
88746
70247
68768
77895
36858
43810
61444
24993
39656
32117
94622
21270
63387
56233
4224
96277
66876
43295
21638
35365
38700
62565
81580
80550
5630
83252
96170
77907
40622
45920
39600
25945
95184
61915
22931
50798
2087
14214
34892
86309
70490
92947
76395
93844
54770
16210
20389
90150
86045
20028
7602
34373
76080
53898
40118
49162
50305
73972
35645
34654
66384
53322
11811
8449
37728
26074
37297
19421
85796
58948
37389
87009
61653
80483
14967
36712
72548
67374
56929
59947
14383
72138
78003
447
63174
44079
52583
50728
33156
68698
54364
91858
79910
40310
70997
11654
1582
80927
93263
55011
10946
57110
93249
37192
16351
49068
76186
34181
25556
22555
70250
55283
50128
5204
55699
28577
39849
6228
33519
18145
70387
53832
79583
37570
80654
86435
20640
50955
10719
10112
34236
52214
97039
56111
8737
83844
15509
13230
49660
53000
27117
79830
71431
85343
6821
38758
72536
40952
83511
50276
15111
38848
15332
95249
1273
38698
90529
64798
30866
38724
43288
83474
99120
64373
70383
75797
48294
52142
51370
64696
62684
26615
49388
72313
64668
34666
8946
73014
24514
97017
71000
30019
29574
40664
35496
89246
78485
37580
62884
40287
87703
68080
30990
68915
70270
84714
61410
45410
80046
74821
20687
37514
64745
15041
70845
79780
85098
63842
22705
68632
35661
79649
46012
65645
65264
59489
71720
39799
67297
39576
48370
58484
66003
20870
64020
20188
36401
9110
60803
46592
53215
16845
89398
61132
41322
76404
76981
98222
55775
28587
41648
86563
4765
83794
92890
14958
31383
47989
97028
6677
79703
99480
20117
1756
74475
67979
44588
67831
15305
80771
4490
93756
91074
95491
31040
23339
95471
76248
39838
9663
26609
57344
39953
92136
97839
99297
12907
78577
46021
91477
1317
76918
27066
35942
63677
86216
26970
83010
11329
38993
72026
18181
80046
96246
62983
69854
29090
84519
82632
91054
27686
31464
54065
4364
23382
62750
54763
39441
63079
65207
36867
66755
51346
9375
84063
50316
64258
48950
68182
587
33459
77923
77256
75108
69168
70525
22467
78302
24660
75027
60129
53569
9895
67898
15256
27232
18488
28524
1995
65294
34526
56902
95224
29132
56930
8714
85354
95178
46086
94812
53329
22280
27651
11160
41072
97702
22527
65468
21662
56506
41479
64865
99769
7171
46502
57640
39126
2652
69156
62876
95697
68877
65693
9768
88264
96499
40993
32434
75427
93196
46724
37649
12131
9241
46942
1935
51841
60386
22402
54683
55844
59316
39585
79324
46003
33516
506
97099
99686
22171
13681
76475
39841
61772
33340
11991
31584
18732
59665
7004
97323
31532
78274
9766
9377
21575
31050
47670
96879
82265
6174
70942
66810
92331
28933
97922
87943
85683
12046
49184
81430
29112
33091
18027
31136
91412
13434
71386
88693
86099
37386
81167
44520
1299
70454
55952
85674
62325
2177
301
18189
3138
24130
3156
37870
35279
48039
85252
68334
95138
44143
40359
32103
8892
74230
97651
23572
21551
22270
60198
49296
51583
67958
89063
26148
87175
35366
57843
98455
12841
15144
76608
86046
10395
37994
19962
62921
2525
29002
45617
53409
25139
43819
39194
31225
31510
90374
25417
16421
81115
88516
49534
227
68393
40216
19225
70674
13997
10875
27168
15164
74863
21531
20045
97110
39311
59810
8366
11581
55789
79372
18304
25832
60544
83144
13722
72541
57343
3626
90000
3431
8028
46203
97940
68059
91412
93872
39575
36583
48003
10015
47882
32010
63587
10137
83145
5928
23760
17376
18744
67907
50561
39442
53925
87175
9225
18547
33945
8380
38900
20852
75525
39359
95122
69295
43150
9454
82886
9305
91159
45535
26899
34869
71488
87289
45366
85416
86897
63619
35088
74905
98410
41474
36853
69921
88500
20931
14342
99795
43279
85374
12025
80511
41180
32793
10547
66819
93326
32084
95507
51695
42272
93212
81873
17091
30979
1754
94176
3477
32237
74228
21734
32055
33163
43568
27836
23997
94494
95007
87407
35764
43317
86732
63467
79630
36100
67734
95037
364
38263
76330
61588
77577
6497
92430
749
85675
66805
85453
23269
15847
29254
84999
25700
53606
40405
83118
16733
64455
22120
31973
46994
87302
81010
10837
29496
39207
34476
81734
43837
51002
35183
11577
1717
23357
93387
85823
67303
47177
86130
33858
72788
35439
92094
21407
95137
51012
73645
88150
93800
51842
96225
99840
15004
78398
30592
21476
21766
54927
41728
72542
90674
2405
75456
56059
93175
71853
76164
25524
36847
98714
84694
9031
24627
54754
16956
34029
27551
15873
79769
82721
23465
80675
4969
5843
26043
9771
81425
56015
10210
5943
77919
97010
99202
23662
28251
60364
51091
21253
21316
40428
98842
64865
52641
84376
72481
1909
59338
21069
82676
20718
21015
47963
10968
30356
29493
22195
37112
18229
19548
68519
87135
7960
4069
85099
85420
25176
32302
33449
8645
25423
48239
86597
84040
80277
26108
90993
79282
93813
36811
38430
14730
64141
68875
26684
57319
65900
346
59451
65131
37938
31678
67195
73664
21574
9151
83424
97854
75466
42861
15353
6427
47142
72619
40610
7319
42461
59061
34985
1861
70340
60089
66737
94778
47779
25986
10430
52279
70559
42909
66246
48918
64082
38076
24779
48842
92471
60489
75957
34592
59264
47422
48487
68272
31658
83047
23227
95474
7743
42286
89763
86780
62847
85584
46971
48123
40181
2531
4609
67489
73193
15849
87154
77892
18186
7603
68486
87104
43103
56080
52661
64822
2707
69971
28046
94383
43710
61995
61910
82925
23702
19717
49513
49661
55023
99966
16189
44771
48373
4885
97854
70483
59495
16087
9291
30256
86241
55326
38784
53700
94388
68968
18542
57052
34805
5404
44737
99705
89541
16734
19122
657
11595
24130
11991
29873
59064
69775
3336
61574
28561
83557
67396
89577
49907
88210
71717
40898
57627
66938
90935
16442
22744
30475
32235
36808
76283
33733
11053
99758
12902
97056
20458
44508
23616
86244
46119
8336
7579
2529
8002
27804
31780
33592
89774
91599
56662
93028
11683
15306
62098
39278
74269
48812
50762
30625
8573
719
44630
68309
42595
52589
81833
49503
23189
9409
1842
2142
56884
76110
62157
80694
26058
82593
86212
8869
22529
47626
53761
63055
52599
32576
45781
32559
72473
27905
49431
32209
42366
25402
26075
91173
48634
55941
68126
78990
88784
85834
31964
18317
92753
66185
47551
66448
5312
72033
71380
92777
40955
98691
74904
97131
3149
32310
52962
51805
38756
55650
30162
83689
55533
49438
40663
5326
71513
19390
17414
771
99161
26563
97802
48869
55518
4565
83379
4262
3939
36229
86517
52339
41660
50224
92220
88835
21342
4620
82390
29636
93992
88489
22400
90328
93186
96139
41044
65220
91443
75675
80857
47691
11227
28014
16072
73681
31608
56709
69369
83009
7256
4028
12034
22257
72132
71343
29064
13751
81771
57998
62978
70712
41261
4291
38452
60262
27524
88788
47447
85065
45644
48847
41912
57421
28224
5632
66264
73126
93049
2499
58481
17007
15963
69779
82958
90377
31338
90433
86424
29341
54185
89709
8413
44710
20744
62575
39990
28283
76378
75524
33412
19165
27102
43172
73487
22711
96811
32082
7815
584
75890
77704
59867
53955
43765
3029
45448
94787
67293
10906
17116
31191
3586
92778
21352
31961
33641
81667
77870
32756
93726
5513
42161
3649
89679
17060
13201
98547
14093
56380
61776
94583
25178
59209
49292
99578
56479
29174
56466
93666
15451
25685
95522
85563
85365
52674
43526
10952
81552
86481
86561
84518
90949
71185
71404
8719
82707
58883
98059
86544
66085
2587
13925
1137
53519
12842
68899
64400
66312
27662
69499
19102
90966
25917
74913
31679
68908
7265
86368
52374
42242
6919
68941
65123
7224
7926
65080
53385
12381
5064
47826
33898
21195
6239
24452
93601
30018
14264
56271
84656
59783
60017
60678
98977
94331
45972
88984
55755
27785
28884
90395
69251
15349
55904
79235
11089
39731
7457
5826
55921
80483
19385
27200
97128
39215
56193
93521
15780
36621
99054
36218
90658
70159
89688
63564
18963
45509
97553
80698
31777
9587
53776
79399
62021
51570
85062
30117
49221
14856
68403
76358
53712
26285
10030
18369
32426
48936
19325
59544
8802
68682
25267
8603
927
42229
3336
36146
88888
77411
75631
25577
66559
39115
90079
36646
85932
65906
40700
47147
80349
73531
77863
23741
12249
53970
94412
36404
95835
83736
42928
2264
20876
90801
83232
8469
15328
3927
80568
45114
76144
33131
85669
82627
66630
88912
61054
44040
35622
60955
7421
86201
10699
63810
78579
99904
6305
9682
54252
59780
31441
9075
70570
76820
70608
4315
75254
80874
44238
16619
36873
96381
40636
38820
44338
81963
88667
44648
50999
83436
36997
76147
29446
21278
61718
58808
96061
67575
56586
77560
5316
82075
10004
85770
55425
16995
79878
95214
98650
11485
70091
30730
66735
40390
70234
21252
30848
18684
38647
68788
80443
57371
67294
41664
83230
45119
89265
96870
72266
75530
68743
37243
20492
36704
53736
20385
36231
53573
74074
58129
57689
63573
17780
72631
49571
35219
70243
30476
29010
11761
74679
56850
6492
2645
53915
94890
8896
96306
872
56379
69413
12533
98949
8523
78914
98424
76352
81904
20819
45285
2142
39876
77963
66083
86806
48356
1697
44840
38904
61040
23478
78772
11049
8060
29377
68370
28286
85857
27206
63462
12727
63277
52469
28885
47087
22678
92376
92875
97968
22007
53315
66642
60686
78583
78736
22287
5727
90316
96648
52673
7441
4299
29967
80355
64754
52265
41874
39437
51237
97885
42974
51346
71922
94564
77458
71084
46050
33583
98223
21515
49919
50397
82766
72875
661
43178
98668
84047
73748
70291
34700
73898
37044
42877
21469
33142
72408
17842
70016
70982
3055
31186
27115
21154
32470
6288
20994
80197
58912
46822
13493
69895
67629
91387
61678
414
32743
86877
53431
52301
81394
76114
68066
33068
17179
8052
51832
31606
65682
43731
13056
45688
35575
13788
92136
61181
88064
85518
70947
15392
27488
41160
54352
49219
90944
4216
37962
40529
99334
70118
39852
40401
41046
18032
6185
754
61030
72428
3902
53571
9837
76052
63181
49169
96088
68104
88699
77366
47333
20965
59490
26412
57556
12576
77236
62699
14614
33188
69140
4480
18865
20753
67900
46624
6431
46097
51817
2092
3983
51927
76253
30003
85846
25995
74429
84112
17457
6028
52094
72160
62946
96561
79130
61968
77989
60232
70681
42124
48527
50184
88592
76625
65191
36917
98252
85684
38937
16871
27559
34659
54635
47587
12748
60416
20886
28625
85929
11547
63351
48355
2961
58509
62943
46133
26565
62749
31434
72820
7520
46698
69839
1566
83518
14425
89637
50221
61912
3997
54988
94325
96797
90343
45995
63473
72598
78208
51053
39227
69357
76913
32227
9560
18058
15899
62237
34026
46749
20907
67595
37565
14007
73798
83199
74982
7552
87734
46914
6845
79020
58227
35107
50326
23729
56899
97737
41691
2747
32189
94649
36284
52518
71619
89364
73072
19279
61647
50530
85545
90735
48823
64363
1676
67935
826
43564
61928
34866
47067
36978
52359
77442
23526
7477
38657
72678
67862
71956
11704
50510
73525
38216
77088
21995
25105
10920
76757
59246
18388
35154
33372
69172
31441
38890
98268
6069
35292
18614
87927
47358
53382
11950
94685
79664
27852
54023
81349
62763
39940
54098
60986
68617
24368
53603
1477
35553
68762
33366
72981
2516
44197
74797
97647
13831
75221
94478
76589
15935
90319
31522
44164
74380
94655
63133
80664
52023
17077
48593
75526
56883
19490
94091
30512
81741
92459
45656
48248
86352
83332
97566
86195
52303
97846
50348
10904
75163
76938
79574
23298
72113
89567
13971
11843
94612
13214
8561
88222
84790
77399
12210
17556
96163
87580
91087
80877
6616
78690
70450
28732
24792
15281
91069
98747
5266
62006
83440
9577
74894
30430
55744
73356
76742
44616
64550
64547
10886
612
83288
51923
23800
56249
72292
79437
7311
7687
45847
91646
36400
41995
77444
84632
86446
54314
45702
41610
11535
32998
79351
69221
68150
42010
16793
74798
37749
64831
64
38268
74605
53191
96886
35280
49665
93505
7037
83459
72217
49370
46513
72960
58208
93855
91876
1187
23085
77146
10008
12928
53694
72361
12669
76622
82715
19978
50100
38448
27092
52021
98041
83199
87837
73437
50711
6172
63129
94767
33622
35288
99337
65969
55000
13626
21658
84387
51640
5021
88630
79047
58326
38397
43535
45419
12956
73574
87416
95215
7805
31745
79769
11165
71436
39607
45333
88612
28444
10158
73961
81066
73045
30419
37953
4142
98692
58147
37266
94530
8383
33692
58946
86925
51583
34209
57681
33164
9159
79090
37087
66422
7751
89474
78698
70962
92301
48326
86741
8443
24289
4215
78598
90068
69558
14039
20436
92179
88063
4579
97560
90934
63865
45198
35703
14070
22438
80339
69314
34429
45165
64954
2422
35220
39441
69390
72020
53526
86576
39155
20057
47699
97158
29524
12120
64670
76571
92311
70456
41331
580
89592
4867
10874
78900
25915
33863
9977
16799
37355
99521
27521
80187
93812
71046
90233
61463
20437
74702
97263
37352
5963
59470
57650
44055
62098
93035
84235
7664
12874
34245
77696
20703
83453
77176
89007
19941
89018
9274
78971
54785
29618
74184
15206
57835
50137
92900
81987
57780
93282
18824
46909
75277
97217
22549
12132
51249
55338
39752
74523
66567
32484
81300
12575
49234
80899
59626
79247
19728
44040
50680
63774
57960
68541
25503
24740
25141
18573
40315
9721
10809
15297
94041
411
32705
2099
28961
41266
92402
7918
50457
2741
48777
4083
96374
37011
68194
21279
6745
35889
50767
76076
7750
24849
38768
30243
99251
52608
49048
51336
49205
13547
80556
5735
67173
6552
23973
4300
47383
80823
96510
39172
98244
19079
35967
3665
24203
12907
12247
20223
69576
3501
65613
73357
37850
72412
65798
69166
18510
63006
32354
11308
8996
12484
71405
85205
5223
807
70257
97208
67427
82777
64586
20681
35797
7872
74258
40478
48674
96628
92195
40385
94026
92403
92567
19422
25667
19087
66742
18860
83082
23366
64475
29128
92588
3628
9751
12390
94179
61623
33536
44638
22059
76212
96658
22353
83126
98353
73979
31921
55462
47236
46312
37934
46413
30691
99478
71359
78865
67437
82987
35321
14909
3931
88992
99490
45866
73873
2440
53842
13588
86787
20979
5056
52031
72785
58711
33635
8407
90827
16932
11198
42614
41178
21028
32359
80266
77165
25285
84713
1652
10926
46625
21504
83231
7744
73959
10849
3836
32244
83662
70471
44792
75162
63412
44702
54387
28463
56545
58587
15044
38671
75758
24433
22682
57181
87832
16136
53404
53741
65216
51892
20171
69249
59214
21582
97487
67166
38261
91820
64288
62309
98438
90085
97385
68057
11073
57215
44267
90280
68090
8297
39333
57823
13825
44522
54506
49566
19556
24636
78353
50314
87821
29738
87796
25503
9454
88650
83846
52842
6523
89808
46066
89814
35017
91149
53942
59144
38100
65555
31604
21670
79800
12652
74071
96221
34631
40405
62099
72530
31089
91511
49475
42030
24999
90692
18283
60132
30790
78349
85003
14951
53966
80800
59742
42251
25227
57553
79220
52909
29956
33466
7102
73550
4328
118
50395
27623
95054
61245
39567
98849
88369
36708
73824
82577
73461
59757
532
88294
149
91053
87343
72873
59058
51255
25447
25288
45551
70753
31798
80522
51444
32475
62570
68395
73423
13086
13201
36058
50931
11782
61697
69444
91937
92990
19597
26663
95528
56190
30762
65111
2119
66264
82676
24603
8148
87866
44444
5234
24420
74098
63747
627
32571
80551
94013
62926
25261
11927
62944
70522
39967
70554
56307
99340
54881
49301
12083
31724
64475
95242
37639
53282
57602
26297
9105
90451
56942
90255
98393
32444
16192
29674
45394
95882
96248
13553
20395
63577
39157
37461
90123
59618
42598
12004
49922
18440
53680
4699
42855
78929
74424
80710
81698
43303
66073
94461
91198
50249
20229
48572
82312
12966
30908
88582
8450
33061
3974
27359
16139
99912
22299
38560
9083
24588
94874
15517
3579
9480
97086
63109
79601
80770
54740
57739
78403
39311
63618
69084
41346
28495
32291
83084
18309
4137
44409
39605
27266
15524
33643
93685
54710
99885
90288
25045
99956
87265
32415
34442
20354
97323
25494
81802
71723
13002
36608
4181
16458
56361
53444
92586
45059
1322
15985
79678
97541
54293
66375
90666
68673
8288
79675
29393
36999
35203
23305
23686
96334
9060
44172
47122
91898
11893
67107
29429
24341
78344
98815
49096
97402
54731
96187
71725
5079
80417
37623
82824
61570
79645
75755
77140
24417
81010
84202
56683
37500
67916
90329
89107
94681
95485
16157
30489
9431
35443
29488
22057
51254
78090
30077
91133
58757
51140
80124
72809
78572
44844
1793
54053
84731
91033
44049
57801
99379
57697
23165
1942
67836
68155
57909
49510
24638
90065
72330
86412
80546
61106
35949
95829
32723
85377
78908
3930
38598
24344
21996
15462
23582
26399
76524
36738
26521
43817
78
55760
92683
20228
71417
33527
58326
87575
60816
38513
74777
59739
21787
88192
13452
72683
68103
12961
16280
297
3755
20480
60443
69175
54266
60095
90593
49864
28781
15322
72434
43566
72107
13907
42743
55633
86593
62322
13712
8655
28081
13996
24506
30477
61540
79664
36640
52118
96713
19967
4243
76353
61592
134
46874
43454
60523
73157
13288
96883
94675
3137
43846
39260
18949
45827
30577
30726
93834
8723
22105
99431
87932
13993
14207
15918
47047
50550
43460
84453
78303
15328
8344
94025
92475
86561
87845
55144
41316
2904
60828
2551
63051
2439
40841
99142
27854
8973
47192
97494
37535
40473
71440
70029
55912
92778
26139
82463
32480
86033
40496
3533
45546
25755
55656
56999
3040
59647
74969
24186
74898
84823
60118
95480
49146
29932
92758
71081
13685
55381
86543
96112
71397
35510
74594
57805
67165
30194
2673
39248
60837
94583
3729
77081
8147
18011
13697
38576
20590
50089
75933
39017
3870
20829
88792
5713
84637
79986
30437
11287
20508
23993
20906
40105
77454
93667
8364
23530
15966
81198
45771
98798
36644
95672
85018
55605
61485
15862
95852
41577
44489
78349
30257
2642
31508
24471
18733
4160
74506
6451
85781
28889
78467
54462
51491
29330
91908
50606
84224
50793
8166
89884
19145
81549
23301
88275
36721
26416
82450
55155
99988
20776
95777
44675
58783
27384
15253
27564
77896
63606
35432
11087
27249
40391
9120
58306
24533
7122
32867
84790
12400
92600
6355
45328
90730
8771
43996
12061
28879
13346
10422
18228
50347
66441
5233
81154
55150
50617
94707
73027
22419
82711
6229
52408
98722
98898
27876
60593
49392
8268
75121
468
88615
25455
94445
59381
58515
48120
76712
43217
9224
52439
69604
68261
66315
93874
19941
63522
17916
56056
59074
92236
99124
80017
26097
42203
78692
15497
43788
34256
86245
81029
45753
59060
28660
26364
75259
84969
79322
73429
2121
96072
24474
44667
29853
97742
77482
84206
89830
23434
48454
39874
13219
8148
42725
61384
11428
80830
53034
23268
82489
50336
44991
65393
82344
28388
67697
16206
32819
93416
9697
35536
37708
75397
65385
22387
18539
92584
23403
83512
74235
70914
22117
50688
32944
47540
99057
18955
67706
40832
62888
1502
13536
66357
79381
25594
24442
3379
6403
71401
8145
93580
56448
12207
42667
67005
13805
64724
52322
35737
68993
9067
50545
93856
21784
86268
54432
63954
49963
8111
88029
67654
57750
49550
64337
56900
92369
15849
13398
74823
10107
47226
40224
82420
75006
67359
40899
24070
27366
84027
59444
8195
47351
96781
77526
48358
44019
65631
65150
20239
84787
62797
72700
86966
51191
52131
42849
86599
18939
96462
87384
74082
30378
32618
20142
10339
97555
4214
46071
46461
64019
55295
60749
50524
3150
3541
16345
3077
13701
87415
16626
47805
89163
18680
76567
24432
75077
33142
71932
11037
94461
45553
61201
33785
97789
55744
92559
37730
87552
88438
62102
64996
52012
24942
31076
89620
98294
67597
57437
2030
89136
22619
82281
98319
55687
80809
68716
1141
84319
71409
32608
4693
64162
41481
61708
12454
88468
16614
57186
78486
35182
54652
72210
88321
72887
78873
40170
78918
53545
28172
34761
37411
74065
1067
31710
60536
6022
31725
26142
96489
65700
41167
13063
46413
2849
93064
73000
20084
63714
67019
542
84820
63548
20956
10837
30358
80807
62694
14051
8299
24182
86110
23471
50557
12890
71359
88079
37690
72255
2528
7900
64577
73625
81521
576
90316
35826
59106
35439
41769
83618
84584
45964
64939
18544
26873
85094
95228
18000
72263
82708
20872
2699
89806
26233
78850
299
79844
86863
61293
32682
6503
9162
34429
947
43454
92036
70343
58946
23592
68793
38952
57966
3719
38341
95626
69147
30862
61767
38781
13412
7242
49307
90322
19233
5405
94478
69210
85619
33677
21750
40320
96149
61268
52939
48164
46537
59322
85152
73754
9629
88415
76461
46429
96075
86469
11722
38534
67641
93737
56321
51156
40320
1593
99370
76623
49024
16029
27551
47082
65987
4897
7658
92028
66196
92675
86828
63037
44755
69400
64827
58927
46308
91116
15526
34570
41638
97465
4551
57220
61343
74262
68921
19939
67247
87845
94326
19057
56150
13931
31763
16990
72042
70063
74902
28433
31099
67289
90124
84480
53911
41215
50181
59842
8119
11516
68521
33928
13005
22988
61506
25091
89702
13678
5080
28126
34969
53584
54413
57856
3409
68633
81712
51593
76614
56884
32805
4038
92471
63126
53242
43689
32584
51271
76619
73059
77530
81367
67580
10588
70368
17832
18026
74871
59985
77996
58043
26995
74969
50752
85996
61036
37533
37303
74923
12013
76294
40638
9369
40776
49929
41068
91559
8867
13490
98347
67882
77125
85281
34275
43221
12887
27768
91122
35576
46603
74188
67820
43468
92687
44441
36956
26212
89509
46738
56569
32700
85601
77316
75505
86429
7079
63596
73291
42172
45507
74935
1885
16964
64491
22991
76711
59136
42917
19716
99076
15480
33937
42947
10285
33352
95547
56896
21885
25485
9980
65904
7431
56705
74092
15858
33125
54804
44594
94780
30425
96741
15097
64524
42800
92608
90260
67708
49168
93657
77136
71679
22199
33181
56915
43182
78141
52182
92075
52963
69716
69496
40900
48471
840
90892
87014
43329
98865
78883
48965
34176
2118
112
42616
50077
32278
39226
277
13524
28537
6983
37746
89791
84893
23657
20864
8908
1930
42305
45599
7130
22760
62187
15050
32907
56551
4020
15617
95313
98806
15334
57961
71908
61193
66485
66198
48764
17956
59220
84793
54606
15887
86097
44697
66703
29692
13279
38657
54944
93831
88909
5802
4075
23613
40756
99469
36677
20747
1040
8382
82837
72594
77530
40986
74594
26922
4890
32560
57161
22723
14925
45529
10964
70578
7012
28775
46476
7734
13918
66273
94660
53938
70361
12631
41695
55092
71022
45135
30150
9741
99231
77443
5893
52071
91423
11676
26889
40811
31046
86543
44008
69584
92200
71794
76870
28749
44434
93990
25473
17508
76777
66585
78748
20762
33080
74514
65980
94056
44393
75167
86867
5452
54596
23983
61892
19502
27871
69158
25608
87178
91558
28564
99479
97944
72639
85193
45726
28707
3424
70901
85100
30801
96622
5829
80354
60024
97269
18647
86951
29852
98276
22553
89475
63681
48968
97338
68642
98488
60903
45365
45810
84194
68362
62418
42748
78145
97824
90838
1376
58248
4598
75597
47050
2254
24652
41783
41797
18949
65502
31353
28594
90255
22514
77569
74203
76524
66715
43664
87308
47205
45388
97921
19673
7910
79671
98631
85915
39513
88499
82872
53397
40949
65571
40436
90070
4871
29329
74432
39663
35384
43382
64242
45084
88115
25780
7647
29424
98718
76785
20699
41574
85882
32536
39670
33744
39351
9016
76432
26733
18021
24419
12744
45753
80039
86338
44940
3098
54618
89165
10370
83252
87814
46016
98133
40166
5395
30105
30073
35352
65919
45102
1224
34947
95194
2849
43221
90413
70547
98148
79196
19307
50416
94523
13819
36777
88063
68641
61222
76980
13033
20391
15815
57418
25799
19764
98944
51139
30752
69406
92334
97228
42737
35226
11128
85047
39240
56833
87648
17659
79204
24942
66057
1970
33865
31914
44453
4683
70869
90340
62377
56724
78311
77254
3110
33043
20572
85164
74130
88394
49044
1198
27412
46368
86996
85158
36947
24306
73199
26451
17835
85631
58846
52384
64966
67135
97052
4595
68677
6161
22980
24661
75020
80975
50404
89913
11600
64381
54306
52146
99347
46106
88977
28200
98088
45872
43870
40774
73729
88620
82585
18898
23880
30354
95085
34510
3046
32791
62533
35659
99832
36314
97760
66160
79820
18292
33149
79818
57544
70781
55773
79183
169
49354
58015
28190
41782
72469
920
60864
33846
76110
85923
68448
50176
47376
94082
16520
38584
47786
2550
38356
57187
79305
48113
77395
12438
42563
21437
78807
10763
19533
5063
48813
69897
51803
41326
70005
12757
33821
6482
16294
47903
65126
89631
93666
69758
50163
4852
25395
45219
82718
2614
54924
96151
8135
58643
36092
55853
97576
23391
56751
65348
69874
47173
23600
63550
64187
95757
26233
76436
82617
81541
67796
81717
7105
66705
83899
22955
19551
20551
98514
1254
6036
75941
72817
90358
92881
75904
90905
35141
91603
48013
78591
28079
2642
88937
52599
17491
12125
42556
23312
2824
42118
19088
48350
98203
21837
97131
66838
20865
46691
56843
69227
2195
28175
35763
87037
17162
78195
11063
70503
64377
65213
70326
2051
33992
35338
51573
79004
82230
70663
28194
66188
38101
94927
98877
55964
924
30014
14172
64449
85357
27462
96678
90600
10411
51285
91889
9509
11452
38909
12123
90597
27108
5297
78230
60785
67560
14790
2946
66273
33490
99069
83133
86483
57909
21678
69661
73106
24701
70198
57067
51277
2320
66654
80362
45424
27781
60507
503
44023
55446
31922
72213
43194
83503
44541
8341
7940
46225
8032
61608
50093
13075
36392
11827
82103
21755
62701
69532
56926
70592
11085
17906
37140
8325
71760
91412
3816
2772
54516
98552
3981
35406
12701
31965
70603
69080
57358
44476
29457
1235
54642
81325
46290
53269
13973
91225
32477
93726
4867
314
34400
34582
11198
13310
35242
19846
49742
20785
82910
33316
99687
43520
78674
97675
19766
87250
37501
74591
95700
32135
21927
59671
82608
94212
81014
64181
97262
36658
8000
36704
93486
19258
34890
90587
48975
7828
92076
59638
93530
55655
58861
17054
97027
32211
69025
8430
17299
90154
19561
46284
26895
4377
27991
29260
89964
55399
7340
95082
3996
67378
23388
94213
73791
21731
962
35269
36245
70
13025
36776
91079
61352
52281
7811
15313
28918
51839
5056
45249
32861
76615
69705
71929
14540
98781
7407
66057
61473
80398
36812
62023
56688
22226
95553
42447
78908
68844
86063
94287
65325
83964
41338
43219
36304
11491
76907
91510
89070
64009
77894
19720
81385
78827
34253
82801
45529
91355
54430
14544
23686
64180
98398
20370
65982
31904
578
26106
62924
34932
68152
92426
77879
73299
95121
42577
49858
66971
91878
47631
21758
52572
83023
57902
65923
78856
83758
39722
65276
13190
76597
64562
27824
33685
47678
38791
58845
63087
14788
23057
57726
57093
27053
23053
78062
29627
14755
96809
48931
51957
4960
93794
79854
8134
28012
34252
51885
36037
76788
13367
5918
37771
8935
40467
54734
85398
94209
9561
38560
21523
98541
11723
83965
1154
78982
17275
47401
80392
29793
74506
29446
86292
80763
21874
59190
33593
40215
20056
52070
50446
6137
32099
63612
50484
8340
80392
58763
463
15470
47898
57585
83774
10637
70738
80315
63118
32808
12699
891
67947
91030
31336
15810
44605
47819
15821
15456
49496
15388
5405
56114
98420
93162
45634
79653
14229
99034
33750
23958
86069
83972
82635
93710
20770
10244
75897
73731
63130
80074
92881
14785
41905
87864
9459
8968
78197
41574
78199
55033
9886
31210
72620
43882
95487
13874
92341
75643
78892
78551
84928
87763
55592
79892
81721
90219
21747
3918
91783
51157
93506
33683
28365
98718
420
36690
11624
57750
96056
86236
45390
14203
55362
1444
48612
73007
7741
97782
74915
24876
44218
49062
74242
87512
85574
43639
73257
80182
83720
85892
12711
34063
88942
95698
45334
12338
68221
89031
34041
22931
66723
32894
146
67062
93664
34702
3112
92927
13907
14462
68760
33122
5030
47659
80764
8616
66846
26462
59713
98663
52841
86149
67947
53944
23514
45661
90380
94317
22149
77687
97968
62159
36518
21528
28526
83731
60627
14382
56206
69669
58982
76052
95469
25763
31805
83177
62446
74496
58213
77287
42356
47525
59038
74432
40323
4249
71611
67849
24298
77633
67854
95133
20194
18067
30591
60643
69901
53121
75677
98629
3527
47536
71752
84279
5927
33376
16715
69808
79244
54069
85514
86552
87374
3879
3807
86360
37653
82613
77172
70646
21226
83879
67595
69521
89170
18775
47182
44332
26266
78645
23511
7910
31984
95404
86427
3597
43385
39962
68698
69128
61301
61273
32392
66169
69826
10413
64009
45909
26978
55022
12985
28229
99889
65064
62353
52518
40493
22543
82573
59835
39929
96326
18200
22090
12504
82206
90999
3182
50824
66552
88442
14714
31918
20344
20657
80507
74398
38944
5009
45901
85545
34384
73436
39003
4711
16100
71865
18937
53595
94527
63504
66304
34643
67210
25440
71402
41765
27958
99968
85856
91060
28976
5138
21129
421
13570
63182
88140
72662
52899
5510
63115
15527
46065
53811
64499
35346
60471
89559
68190
26572
78702
6771
6371
68860
66712
97313
24918
46600
1855
98795
74793
49067
97401
95453
39665
34514
95103
34533
13610
25497
89535
35737
83869
80761
24104
3387
5426
69234
62475
70392
20018
6846
22062
98381
45410
45812
57232
47628
68366
13457
82516
37718
8286
66890
50696
62638
10087
80320
41296
7088
98158
16939
95299
1879
63025
99918
26739
79558
11177
3677
85662
8147
38725
27743
51812
42493
2843
28349
58266
9813
61120
43305
99565
98578
81752
85158
97218
89884
89269
54453
24146
44213
19658
22288
4887
71526
93949
40967
53284
29767
33732
18292
30036
53564
73548
68395
37366
30372
37022
11423
45833
23229
44552
33860
46671
57188
67824
2783
91661
52589
42061
70508
94002
20758
42489
49145
83507
30494
96432
12898
13573
58757
29410
325
97562
89825
77183
62772
23077
52725
86459
98195
34995
96925
19925
40807
52777
85896
87465
27234
49370
4364
56159
10057
78785
907
77053
37673
62910
47032
45281
94088
46602
97091
50168
68125
93345
57864
2717
54627
79391
20321
62845
27500
31379
43618
15168
40573
29860
28432
50518
24092
42673
61196
4717
46077
66713
5839
92910
34826
93071
48150
15613
15876
81606
60097
82287
91696
51150
2263
81175
84373
65226
7224
82439
9013
37545
77955
86537
20205
55360
79750
98349
18201
19692
5746
62758
42582
22188
51237
69128
80281
94110
35967
88035
35584
6700
67947
61097
25625
63612
60764
62897
2329
85069
98016
64651
33989
87236
65466
92314
80495
93292
39082
33189
38868
59448
65186
53706
16088
81084
77756
41117
80028
19183
74961
6325
98950
85881
95195
45010
82396
69745
11659
89605
6154
11781
1219
8547
10181
69049
92339
27017
33297
64507
60149
41823
57412
21840
63631
19311
48747
27230
57370
11378
34996
85922
63874
66728
76566
58381
74173
29008
98973
7380
61076
53652
9359
48204
33261
13331
61224
60012
29972
15786
97827
49048
22245
80399
88203
97700
504
91036
40292
3389
55598
92294
29369
20997
51336
38889
81337
39351
21443
18594
18310
55352
87154
2841
50681
34010
31338
48862
45923
78585
99291
33430
33355
16542
8767
68543
13268
32010
7455
36689
27479
30371
73224
50759
6605
90537
19391
51098
1336
78464
21449
50508
7800
70502
50418
64206
55374
62878
25504
95405
96102
29674
83196
30934
44544
25430
58322
27988
76196
87256
31988
36742
26683
92717
68022
15742
97321
99199
90577
93951
65991
58594
75441
5351
51005
8491
17946
77619
42498
16438
60364
75083
16519
77232
41505
95521
44722
21441
32860
42011
26172
69191
82709
73527
70626
88890
60964
58057
23343
34908
20301
68813
83643
64712
93872
86176
57203
88349
96931
80660
57660
1627
41211
57438
22015
81521
73202
63097
41293
70607
91665
80124
21344
22298
95432
30264
5561
54275
70658
31496
19092
44659
44870
13948
19512
6284
93054
93193
51686
95001
88917
51967
77305
42298
84862
43279
65044
72558
49048
46214
14657
54107
92079
70608
47957
96669
28477
11013
80652
12847
49497
94613
42757
95331
22811
85389
94869
93402
7765
6941
66426
99409
93920
94280
68362
55975
46437
31470
52986
80512
77488
98031
82518
61404
26504
94943
88857
98221
43194
34530
51847
99686
58867
52167
88143
37824
60110
19157
44414
61594
32972
17931
34669
5364
21834
74418
65727
81366
99876
85781
48327
80613
88730
1029
26542
52199
69146
65167
39024
56115
40735
43467
55369
1496
84589
22474
18330
74683
99196
50898
9160
59575
90892
54170
5786
21956
25735
54091
39398
912
36722
2097
29704
94572
60711
40475
71099
33429
82467
65869
99135
41851
40540
42770
78688
27999
38473
37845
46059
67639
94513
48186
63730
89855
14474
87737
90582
15957
60885
92742
20562
64051
19764
86075
64854
40354
27031
69989
26782
71579
27501
19742
88231
96313
14072
84942
65632
27854
28921
85574
51589
64443
88554
9970
9480
65060
54162
59344
12514
13601
96465
41892
16559
867
71492
23979
27208
56842
24019
82083
32259
52112
63274
54665
46662
90321
11769
73743
83474
12239
42324
46869
49398
74761
84348
21158
82518
76799
5107
52524
6613
8650
79438
82726
73577
9905
4249
19217
57571
6140
45535
45723
45656
32225
28081
2304
85617
13899
36104
39856
40355
22839
90592
96307
72898
76894
82719
62078
16401
30761
6006
30522
89172
6314
1258
45392
87208
11056
17286
16297
87745
73284
98324
66924
80257
36909
20534
1749
65164
20878
7991
94234
46944
69019
85484
7769
66081
66544
18547
28343
33186
95472
26992
99181
29703
58007
12385
70273
98135
2241
2991
73299
84765
15437
85748
3800
56437
15866
44712
59910
32427
70871
18103
10906
98110
65780
6301
8538
47996
82292
82802
35867
4887
26427
57915
32477
18741
1212
52702
45395
67980
15887
17768
16960
64817
91298
64552
55150
64602
57236
45930
44938
16095
33402
73078
82925
47666
76873
68828
66696
70352
8333
55398
53463
93309
84826
58887
43459
73709
12738
69214
8757
45114
92873
13498
81336
76426
62090
3065
22951
12549
69941
71152
74356
84245
51781
93439
46680
8560
55761
92689
14169
42644
48138
58120
48247
36830
48262
97795
37219
48
18309
67689
29528
26805
99444
15589
94359
72205
86031
16819
33168
3037
16770
98058
66083
86018
91767
8390
81170
41838
42169
72017
16467
94712
99589
34622
5667
68788
69154
77608
39783
84471
98107
63161
84608
9449
89893
20411
94088
48753
25614
96230
99456
41977
46890
80818
1267
75640
60349
83267
61986
25436
71026
48041
9173
70967
87527
87997
29905
77482
41329
64078
75089
10616
95715
36444
14266
9908
46049
72780
99063
72996
46085
92305
14263
651
42195
20528
43666
69772
43534
41587
15298
30967
49687
62463
29159
91284
53574
79797
65452
88870
83984
81124
61910
21014
64844
89798
67762
86114
51677
40998
92064
43900
56675
74208
22942
78811
22175
13221
28441
17419
94604
10025
4854
93503
54938
2336
91974
21218
98430
18214
29974
2000
96897
96016
89787
56266
64525
94628
40066
55459
90292
26678
41433
22797
76758
93507
24336
83494
85782
8649
88401
35021
28405
60914
25592
61043
7834
8776
94483
9448
87676
76497
98917
99725
93425
1916
15236
914
89839
51122
53084
90210
71945
59592
30330
11373
48430
54760
46925
47333
66510
29092
38596
16553
9882
37093
43980
89227
18696
55828
47967
48489
27895
23301
40874
65495
63205
81049
80512
11970
46254
26973
29651
2684
42974
29705
41394
82344
49279
17724
56959
67776
61672
19190
72338
98720
98666
27700
53784
87020
82039
41622
57129
5133
6379
45877
52169
63384
49613
95665
27567
15482
66119
530
44378
27352
41799
55777
84738
11761
47943
11932
78062
69176
29627
12416
97813
76047
59968
61285
3143
81609
7924
61923
99570
81895
22568
48963
85540
54492
93641
70080
6321
10026
19076
30314
48788
54828
87038
89591
14506
97030
49423
46200
94119
9709
33748
94981
91958
70222
81111
3180
25009
10983
54915
6333
93673
67203
35599
63859
67511
71727
47943
84328
72266
46054
59319
18592
920
71893
26873
46873
8717
29242
14873
71760
22297
37004
48035
48235
58261
11611
35795
93164
820
80390
71904
56625
37908
65119
68225
48327
19070
42631
66570
58551
33051
99297
57089
68772
32356
88926
2620
86324
82454
55136
4447
2845
14121
96883
10698
54879
47797
26719
35970
30708
58200
17905
87971
36646
78696
45695
27685
49764
5609
5170
32244
24077
61047
97941
59774
76344
5388
99385
74812
81175
34769
91978
35246
60647
42027
76976
34840
62352
2221
26111
49302
41373
88925
13469
913
43971
82049
18311
7356
80647
93602
20117
94851
88615
62326
17559
55028
44559
30405
490
62248
85582
94224
34324
70386
88133
55565
74561
2961
18125
14791
60867
6669
56746
20891
14846
25099
24348
6662
87656
22121
95594
33584
60175
46281
33850
73388
42805
86432
54889
78167
79118
64685
24110
53309
97744
56089
6286
46641
40309
90617
14069
35156
49969
25958
72158
30510
81787
94185
50214
17533
98510
99655
64362
65319
77939
65149
46039
91889
41
75621
90506
5306
39737
99089
7239
62431
26104
74571
65600
18785
57868
37319
22058
87020
47475
92027
86584
96767
89984
36467
29839
86695
69005
11973
10873
55819
74457
33644
70265
6493
71125
60897
69611
60242
39564
68537
32080
74957
40528
83954
37581
38976
57496
80579
28149
5506
3077
48059
69841
2432
52155
10482
41084
93419
67048
60415
6845
70787
73283
29580
75231
10908
84427
18099
96164
9626
19218
86821
92904
97897
75799
22656
60698
70932
94781
21627
68667
52655
89694
71269
41536
42517
57291
31676
6137
65333
79875
27300
65323
90093
44271
87574
80197
44416
41230
70513
98993
74279
50757
42585
40826
7591
65115
12183
69268
54818
99317
96806
72170
15148
61715
75309
53854
13863
64415
94168
5701
15299
66409
79264
49505
24952
92858
67478
64771
90003
47905
77251
69822
80583
20846
97109
96739
87659
43148
76622
44080
22271
790
49529
24742
38983
49327
54937
92012
542
14003
46599
12380
45957
4517
54432
35272
38106
73322
87619
50675
25475
68353
30858
77153
72259
29726
82608
67086
7518
85829
61605
14340
21855
51901
36911
22425
21328
65087
85123
78320
82133
69405
18276
29551
74953
65490
81041
77312
15133
62281
49922
56102
92566
6078
76963
27166
9185
45419
51428
51290
6732
59359
30077
16937
94085
81574
68337
81672
7907
74463
20156
80531
26041
60255
89629
43286
41676
54810
21153
65108
83475
27624
36835
76038
43710
34218
10614
75311
52706
30822
88284
9605
32064
2539
63914
6035
30502
29165
79228
70679
12476
12638
2329
49110
19573
49458
53535
67805
9265
43033
98393
87909
52103
43127
786
88885
96850
56011
76393
57115
74395
42123
84935
70261
86888
85904
54608
99943
15755
15715
24201
98014
45547
35081
71973
33276
70928
77540
39090
49147
61568
1326
92179
62224
14002
9978
81987
87239
43510
48357
24423
32577
85402
4319
74006
91954
3529
74719
32730
495
3142
23495
51593
45607
71855
83756
55343
38410
93766
18082
67743
85993
86368
37121
31407
85568
95673
95302
81120
92657
47715
19485
86441
31023
96092
22430
76790
76376
51707
96247
73906
86234
48969
32481
24531
58446
92907
70866
50988
61495
73534
25221
13349
5232
3718
40409
36869
57160
75766
88291
42050
60424
1940
70887
61281
44258
85394
63222
98713
37961
94875
48981
86345
78952
25711
86910
61689
39557
16981
25101
68342
24474
65446
60899
35914
49732
83191
7479
14097
19809
99038
25942
50304
63908
20660
71814
12026
14485
39885
42512
41956
43873
95240
31760
81856
97269
6635
82820
5175
37694
652
31951
10999
45668
74665
41890
46007
69977
5386
8889
37051
95362
57911
84943
81388
37641
95410
7777
145
62131
11172
89101
36828
3043
4775
59080
46547
43278
99127
94430
44767
19876
58273
19338
79211
71432
44152
75894
15804
70874
95718
35008
11695
93081
36166
79256
16080
21832
71269
99297
7997
51649
18084
74447
58509
50135
70769
71020
7517
42877
316
54544
76114
77524
4180
38164
43886
58858
50668
13796
10840
19911
6292
18863
13206
45650
72659
13686
48652
92073
3648
3989
46718
82644
69303
14701
38696
23163
50783
18401
93238
71433
71656
94056
41146
81275
42949
39916
91163
25317
84306
61724
41015
40552
59326
92378
81403
8529
29107
62386
72889
49204
24549
77345
60420
6141
39939
25869
87337
54398
43899
89303
71739
44187
90202
15895
72417
94626
27643
55398
22100
78920
74086
52440
74945
45692
31934
29899
78054
37559
24109
10050
61489
33602
7484
12852
65534
72901
929
76947
68630
19916
82934
8207
36401
62759
53597
76960
22928
53644
31187
46429
55995
78233
93017
13383
15374
85693
55462
79270
85979
6929
10773
43670
67230
28455
31870
494
63873
75663
46953
49677
30359
82351
26912
22342
90921
1465
17684
51952
58312
98232
27669
21486
25138
68954
4996
12576
92724
50752
63651
47386
97990
69693
15511
14220
69083
16217
58096
87683
6413
90423
4572
28801
14106
5117
68145
95926
60175
43257
88949
56030
32437
95232
31659
45288
75520
43368
39002
65565
1387
27993
37755
54870
66185
10327
92163
94665
22498
14459
92304
27474
66040
10690
55714
69709
56326
30973
32160
5574
26015
78894
75991
99063
17689
97798
90130
94001
39112
12234
9372
16339
51355
99415
50847
52863
85893
16739
5450
81821
77514
46804
74253
72170
721
27175
83924
98799
19042
90652
47183
20801
17647
72385
83770
16954
35187
24175
74021
54872
91749
13438
63967
30438
28784
57157
4139
610
9537
52445
77095
9340
45508
76384
96248
38804
61304
22079
96953
65818
14866
16757
13255
73290
1172
39587
16477
80823
80877
32426
91202
33248
6051
82943
75813
75866
76768
44993
57535
51085
85952
78329
94602
33982
23330
23871
56456
58413
4603
84728
38599
84700
65720
26630
76044
19651
56908
48135
92505
52838
84402
4037
83015
66809
13415
37013
33350
97578
39071
79984
95904
55087
39871
37643
98219
29486
81876
59567
24797
32659
82368
39542
45759
39828
61890
68723
28816
91123
98294
1527
96549
98970
31592
47866
7785
55132
6218
45047
90493
53867
67579
71698
56234
30090
89630
18185
88963
34478
89112
65684
69076
38287
2188
61918
73494
61523
39577
64809
8755
22928
63883
38939
52463
14309
94007
17357
43834
84180
61129
4187
61838
52305
14096
89083
44390
32712
20550
84213
22915
25469
63671
23309
23838
9409
23855
16101
25206
70931
61683
78931
66170
38390
948
45628
53767
24414
47104
51402
91614
6184
17784
94789
41153
16484
92077
47427
90106
64672
97684
18884
54086
74027
20335
66251
74150
94741
1856
57247
94863
2685
83184
45145
33067
7466
65633
45532
65188
2656
40014
87685
63595
2266
85502
32218
19959
19505
22608
47515
42464
61339
67189
67342
21188
34882
78755
13821
32653
23448
67739
90544
46829
56923
69015
52351
50159
46648
23479
94475
6010
46235
85904
88058
38031
42365
48227
56508
59030
31041
64192
16333
22107
83976
19017
197
37896
53102
32557
9896
15654
8224
36523
57776
89594
19090
14013
41746
70817
22629
69955
34850
15911
40626
81246
71238
82892
56989
12769
3552
48012
12672
15061
88499
66400
28708
27679
94213
60001
12260
40590
92728
15937
30213
18091
50884
42143
74208
16513
66846
88614
61012
65537
37189
33556
39925
70268
55180
19006
36771
82158
70316
81526
34756
20106
15849
69215
54501
72027
12115
202
17298
84282
32079
31931
53813
28611
1012
49740
50938
51475
88732
81119
52499
68992
9171
86414
33725
24266
6373
81938
3111
73903
92544
19469
48026
88798
51687
11045
73305
93051
15659
71701
87114
21407
65326
82207
35331
85720
13758
83807
56968
90010
44726
59373
71437
92863
79747
36047
1336
89257
5267
58205
23386
30149
67303
48860
64184
44867
42244
61194
44918
83978
24461
5478
89024
28500
41118
34828
59887
24893
22693
62919
50446
82535
59299
97788
81412
14277
10025
35723
80712
94041
59847
40676
31911
48073
39655
98588
88927
64992
6319
40404
88874
30425
17592
85248
11232
62548
49975
51449
9272
80315
46291
88042
5421
93381
16834
19417
36272
58674
82856
76871
59758
56553
91221
29053
35679
35513
80424
25358
96191
39563
11397
1605
29003
49613
72764
79702
34287
90186
1113
16728
36334
10740
82102
15466
24861
14173
81775
95439
71185
88400
26877
61354
68118
62699
39500
98378
43646
91920
17008
86763
30080
59517
13993
19152
86575
97956
69607
3364
67055
37778
97851
65456
55476
5978
59071
26291
99125
42186
31759
45264
83807
68963
67669
7091
46405
37469
3406
12803
19990
39239
64009
85126
58515
89139
23410
19271
60955
32615
37743
70640
48344
48818
64709
28253
52783
65438
37093
90408
18857
46313
70860
16242
21651
45796
50120
79582
53021
15152
66144
36199
8474
15577
72127
76618
36795
90649
42271
22828
80813
92762
63291
6883
94341
71203
43691
38102
56171
10216
63868
89277
57958
96145
6138
79458
89991
46322
24194
6175
16036
93364
53288
84492
5775
93687
46825
74400
90610
97121
43542
80522
63816
21800
54941
29105
75037
54188
69215
7494
82346
3199
15970
5045
14858
6559
66347
83776
36377
57110
26847
82482
60488
83714
31478
82013
39705
9268
57282
69457
51443
29604
27148
98329
37609
77168
72814
4667
68182
1592
13182
62234
10338
99705
84987
38948
43211
66861
33015
70260
86464
47068
19828
94708
46820
41328
65526
94393
62141
11003
75203
67111
49241
63732
30284
27275
73138
8269
86923
73765
77303
2883
5958
21117
26314
29926
318
15513
38744
58887
78888
7232
87798
66328
13757
36013
55270
89992
22582
21222
85124
93011
85313
28719
28209
28047
80341
97170
14189
66590
5255
8957
54429
10851
49304
73234
90818
12165
18554
24904
76273
27757
79833
11832
6605
38414
9168
21584
44519
38165
15453
14767
8310
52360
68280
37155
92603
74251
18365
54389
57897
80150
78055
25262
48881
55251
99817
97652
28413
22124
33287
20453
39237
37506
69271
94602
35751
94678
1475
79492
57704
30394
40553
53852
13100
94549
37444
43971
43803
36217
3084
57980
99514
49044
46620
30408
86706
35404
84182
2624
37558
81812
42464
31074
47259
44855
99137
34973
46966
850
3210
46291
88433
31572
96388
68370
64169
30698
26160
36024
23789
71707
94202
85084
85103
53925
16726
72318
8451
21367
91907
36004
59091
73138
16138
5982
61791
27194
71233
12485
92495
25665
51617
15824
50357
29159
754
17170
60407
96742
97404
75137
54102
52562
96775
20992
22535
47726
4806
60496
25764
16892
92815
68551
34384
29122
8522
63625
2994
24955
33729
65153
73427
8278
80673
89020
44664
67733
87329
71408
20908
88967
41664
68551
37096
16861
81418
90789
200
99292
88223
20856
56615
27430
74914
22826
40329
36834
623
36579
28690
49043
7259
58812
72632
69380
26518
53413
54684
73556
53552
52322
39024
73028
44398
19986
75564
8768
77690
10861
52266
26465
7473
91978
95589
46910
62705
63332
73422
19500
88840
54723
67864
81504
26563
93379
15399
12173
31480
65881
46105
70278
83388
22219
92387
38719
317
59122
74310
72728
34517
4733
26043
69960
68941
37064
99780
74695
35024
87629
86331
73216
95164
70540
72429
21834
34308
82892
80100
47033
35661
15634
44953
70887
96544
93468
69869
55121
24010
66111
98504
69545
97224
19983
88726
18289
44670
49782
25401
11128
19993
7161
99126
76559
30934
90658
3849
74567
54882
15412
70928
95812
38807
87912
95754
73719
94044
362
98717
59255
14542
17244
52435
69461
31291
68222
16963
25962
41401
13357
89099
94414
26080
65169
74732
70794
5478
32031
7477
27227
16576
93609
20087
6957
25850
66945
61266
35996
74547
26130
31187
98690
33874
16984
80625
75220
68165
13041
40073
72113
90471
46097
98144
50884
29962
34881
93900
82377
21301
43714
96900
1028
17068
34044
73891
24815
21448
34900
48313
45198
46707
23017
99821
51286
60954
68443
63724
17757
80473
47238
74531
98420
79050
46606
87051
6994
31208
90119
20526
61653
52034
15246
10313
74590
67338
40354
43643
64506
16439
65767
24264
74493
81808
73004
5151
63835
80221
88637
29748
81940
23594
93676
8012
54413
43525
69556
20994
31126
19084
14106
5267
88933
54093
95726
54769
85333
3001
99337
45767
67280
41102
25669
40181
59379
52873
99620
36366
67353
26477
5463
47191
6380
65075
89683
19711
61502
21733
6876
94465
43359
22271
67486
61625
93636
5799
16646
75185
89212
52631
98105
88930
26093
34985
55250
53648
6300
77212
14999
84862
47177
39340
86872
69497
5449
58961
35755
39323
27930
68770
23502
79156
37973
38333
13967
15924
29613
70791
20836
21051
87515
87320
29953
52959
71185
11902
54114
74691
95812
68531
41834
81868
59792
31572
84622
22466
52429
70805
9428
82809
53396
85930
69314
60862
60882
2105
17377
46504
56074
78292
78499
75747
19054
36301
30551
71601
43888
37496
1982
61987
16923
65053
57443
50218
448
64654
22692
59846
54552
45205
53986
34133
43498
15422
38167
56400
39377
19013
68481
43589
59726
21488
85939
82574
22175
83784
16948
50609
69624
38087
50231
54754
941
46645
34003
73519
27972
30861
32690
35979
3043
48783
74315
14788
4212
6128
66506
91781
67032
43962
9858
39765
94826
12723
68796
76377
65471
42449
96044
11578
55396
81580
84836
47955
39258
48641
87101
81309
2270
63731
63757
40691
11987
46212
13413
55231
43841
66538
68174
80053
15899
17677
99008
29396
67798
95080
19837
84959
69848
32506
53703
49378
3348
50394
19234
66400
93413
31747
19463
98398
88774
49472
19785
86690
22045
82259
28910
1910
63119
25726
98567
28632
66261
12311
2301
20242
89134
72138
94917
68879
91214
58256
83556
95063
13262
76312
90111
31113
49236
21578
28545
90234
70066
54880
86760
12586
78700
58775
44861
54279
14324
62781
86903
46783
90879
6329
22246
51253
65749
66237
14906
31533
75503
56857
73869
42719
73194
28479
77451
25035
18549
42309
57537
21008
81298
84522
37292
57469
26116
13781
90632
60311
43146
19992
55054
13097
79418
23136
74501
89271
80161
45172
81010
80401
76831
84266
6297
32448
82498
91680
66076
43884
77040
17841
59373
79912
78018
86721
59890
76670
18109
35378
55699
13903
82956
55141
50131
10317
64429
46158
22916
84401
85487
70462
24344
39508
29672
26092
25880
82824
49117
93359
95169
99659
8028
75331
68317
88142
18425
12376
51261
53584
13045
54919
69170
19056
93540
8588
41445
54584
82662
94663
768
63105
48649
53078
87947
66838
91999
50527
1979
79710
62212
15278
35022
83095
56074
64932
59475
17086
80518
97603
81742
90014
52432
3793
91845
61359
7729
6794
94876
41127
83375
657
86673
29414
30827
50277
88314
84590
52884
67582
92867
10727
96278
24825
93009
14207
90332
15817
81155
58340
92734
40489
71498
85986
66808
1581
13617
82720
82169
6145
57484
81510
98027
82607
98156
64809
63490
38502
37263
43125
87821
48099
97579
58238
20374
42435
13644
14795
42231
38786
93185
49201
15066
81006
18058
31843
32152
42677
3523
6101
63006
32045
77929
7035
7295
7169
7625
40927
40260
30970
36014
9236
76876
13829
38469
14196
7307
92353
70437
24503
69318
92835
76917
31687
24733
98995
85248
72531
99939
3093
83320
846
1270
74659
49625
30659
8630
46328
96669
63224
16478
16465
19144
2996
17369
32247
48657
83299
43288
98192
36130
17204
63844
60717
67546
17146
55120
85158
30370
97742
98044
78659
20517
76247
63850
59576
58096
47958
14775
12956
42179
45052
15133
16330
66128
68165
53404
63289
39331
10151
46263
20312
25817
33338
89427
46767
98895
27486
1946
96649
11234
23583
82489
28037
96058
70252
91843
77306
20266
35705
88945
49336
98978
81060
64780
52275
20907
22767
93659
48295
62471
55754
51145
69789
89315
42974
97115
54914
87875
91161
15557
23917
45321
82398
4579
22084
36085
61867
16891
15926
17344
68828
46824
38309
94366
61425
97872
56584
43928
309
64992
62831
78377
49653
42426
69193
19877
8690
64864
6659
70705
98471
28274
81418
89498
68351
75603
63747
22848
19592
2526
7377
79050
92720
41102
77368
97314
54851
63326
26508
44579
13599
33470
93907
83180
65137
36317
6592
18839
52750
47623
90283
60462
18215
21805
14286
84364
27807
72067
6997
62507
58273
25283
45953
89466
41817
52925
86684
36836
20305
86088
21888
10653
48294
1483
9569
16079
79273
63803
92915
38964
60478
38596
69665
91427
32871
11784
27353
57920
77920
26098
71322
62428
19589
28802
41770
53964
37918
1614
10111
16868
36320
63455
71734
74886
41625
23998
38065
79521
12745
69976
42113
84770
18838
26492
96828
60591
26425
62094
66166
90599
62071
46938
28446
15200
21815
64872
94014
61356
37545
5973
14049
45990
54803
88574
92005
18078
87252
21313
10098
23435
34285
74124
60976
3868
62479
58586
94770
27635
48394
49921
42451
96527
1236
78239
13222
92287
44112
67950
99235
68857
20426
75009
92267
87040
55538
54014
50510
84432
43512
18800
36621
73385
50170
23138
66784
40445
13312
61799
74513
96278
7573
81262
47192
36263
57144
27708
28535
24245
94291
17585
1946
21919
64979
36140
45451
64823
15172
58417
42772
36256
43436
25558
77050
27704
3647
88871
17512
65346
95912
48113
17923
95305
75620
97904
54469
82282
27323
3954
44816
8343
64872
33597
21904
58925
60680
32666
63039
72623
26521
56386
74130
84273
50014
78664
16551
45776
86274
83635
45915
96427
25835
4314
7361
45968
27957
30968
21107
98185
21984
5263
60942
35909
72164
99517
56952
93443
64103
53410
36232
14595
11659
3168
62363
14791
98335
69373
77456
27753
499
71263
78488
10141
69701
59406
37204
47574
34813
69659
75493
46509
94460
65119
14213
36118
87245
24025
26337
64006
26073
9525
38761
95021
39512
88465
97232
17649
7455
73433
87512
10853
37840
21234
78863
70571
45083
70901
96880
66234
93727
44526
20497
50245
92252
15765
59920
91016
60437
23767
31169
61174
73849
89962
93341
51145
91085
74008
26899
71174
31810
43400
12468
17103
66634
21004
9954
66641
79476
76796
81652
73302
62142
16204
31788
18439
38531
33740
91160
300
72287
67352
78329
36371
57936
6141
9511
81331
7717
64183
25546
32609
17265
59748
24897
35641
23472
93564
76112
43387
98735
33150
21824
92544
78899
60149
2695
59914
7372
69538
3075
58082
12951
5063
98259
22713
88977
42180
55328
75042
17953
83698
74964
28586
96392
85198
1189
16059
92637
53570
33604
65108
83339
83394
49985
95448
12524
29854
13131
11591
8002
61932
45503
68973
89948
6171
68109
45951
41796
76241
49085
7090
82698
18767
18999
87128
55587
52676
27995
21769
82826
22760
30990
49344
17793
22838
87290
18649
82206
21522
44302
1428
11743
56355
7608
80548
76122
61940
66375
81829
87982
44714
8356
25843
20101
61874
23892
69832
86875
87580
13727
37496
82110
44242
2432
65527
76851
11746
75755
10589
23166
61555
73032
76741
72434
52090
83507
87799
17541
59446
64153
7162
24292
71355
49995
23642
68515
93566
99384
72228
98752
76040
21942
35649
67461
5541
87533
96986
37139
95388
60837
90295
56755
62617
81364
72780
34592
36239
68359
74188
4991
79300
39983
74902
93846
58301
64340
23523
75817
93074
97001
35350
87075
84757
40837
89955
365
76171
17825
32376
27402
21527
18108
34892
44545
48317
27857
11498
64618
45081
6391
11357
89466
76100
30542
79343
62224
32134
47810
25281
77319
5916
30815
50304
81986
46989
91628
45396
53884
49847
96115
98427
85676
34311
30856
87529
82495
74906
64732
45189
35531
89467
98546
91274
2243
97595
82787
62023
50081
14642
50631
76909
54455
77668
94643
47931
26294
879
29270
5984
83573
56930
84822
91727
26110
57292
13069
80825
84096
14401
4006
97367
60387
29195
40501
45618
25134
73507
11592
70922
63371
56045
28198
24472
40819
57766
34173
22644
16581
44998
71571
40593
52962
17834
39397
39606
33838
79348
61879
21713
43527
77331
55464
62206
80870
4900
72516
38830
43640
36913
3904
22830
10785
26227
12402
18358
88243
35248
30280
69173
97670
71443
32973
45968
54116
83221
65422
88436
28686
26997
97438
79198
61338
35259
43410
96924
83774
82272
98843
6835
9606
91391
35907
21290
92153
92929
65191
21335
34360
98497
78527
32373
33048
78702
59329
81942
22582
36431
34877
70537
24320
97253
19500
94668
30009
89046
11943
11925
11399
35828
56173
65052
18739
83888
69775
81908
67439
6372
80461
50220
62398
30236
25989
47250
32714
91862
81308
44708
61693
61450
72137
20362
8985
19602
72429
73636
81109
87621
98512
28309
34036
79760
69290
62767
43826
78710
11197
57368
98523
52436
31584
65925
37113
70392
93718
45579
27938
93397
55025
71479
94706
55368
14685
58303
23868
49226
9000
90954
59996
21338
54994
41792
10956
11237
81978
19723
703
64587
81037
99007
2339
34121
42916
11013
64930
75434
14420
61113
34102
49659
94223
87516
94894
45523
27276
79145
70035
90239
80224
16421
48678
55833