18346
10847
52673
50934
12759
65045
18116
47139
93269
88506
23991
9729
8191
41366
90035
1137
58771
73045
71369
86796
17790
99370
48006
81732
46339
16322
42690
84178
56905
5527
63537
15559
82494
53191
27136
47265
68978
30372
8775
87093
29659
19323
95584
84005
41740
49858
39186
28992
71975
15656
40200
46866
49699
58178
96053
81671
26900
23134
24948
16279
98931
50006
21743
70559
87937
27389
50292
18227
30091
4392
72555
71867
57120
46842
91866
13035
9409
42896
79580
3357
69214
39317
28211
51535
22820
20488
52877
77216
30570
64492
67399
78598
40273
40783
90014
53304
22256
76812
15714
61625
49950
40321
24478
10724
64611
11625
16420
17678
48629
56583
84091
68654
17273
69365
81401
36593
48837
19901
4144
31839
34206
71472
39168
23965
34155
36187
91435
84550
84510
90950
74550
82009
82208
35523
2276
43251
61269
63600
51953
18573
63670
96619
41145
29775
48983
92279
21919
24627
81453
34966
96257
60931
18359
636
44155
35564
20357
6727
89956
21425
98240
57910
18384
75609
71559
53244
70808
711
52664
52657
66994
33537
70473
9958
7408
91771
4117
95148
4947
87933
36639
24943
62497
23458
95058
71447
78143
13118
49540
94552
81679
21533
80290
80351
37975
9396
717
56910
44878
93946
17940
30313
15927
83749
29279
10116
85623
65367
71224
39642
29605
72895
4394
26098
91283
13139
96095
66824
85864
94833
58030
731
59204
5284
64337
68183
22671
48099
54333
70116
65414
78228
56219
87031
23722
35951
14393
99983
93118
93546
29265
22202
13128
30567
47580
34755
92674
42078
11551
17280
55877
54889
42189
78910
99780
72497
31912
44431
84972
32535
67220
714
91181
16616
12928
11893
60006
65955
47025
47817
15881
15856
32310
75055
89649
63828
92734
26726
67960
9675
93028
97501
4305
74318
83956
30354
80134
88504
71267
92995
46653
54063
71729
17312
76018
25601
88527
59576
4197
43965
26403
34495
10098
94841
8646
40227
39596
47421
70935
40289
85652
46843
1561
22434
65221
82860
67770
4837
500
29949
90129
2787
90971
76337
52403
94830
23483
1282
66806
4349
38108
21926
58430
64060
16723
96721
73043
56029
4950
7844
84946
29547
1800
97792
66810
92895
88793
39457
41507
96314
84821
65872
55879
86063
91522
79984
17387
65936
18292
37000
47828
4218
24864
8237
62163
29785
74783
2174
1524
46116
49524
94044
5769
83151
77517
30158
17890
22640
20838
13717
76477
2281
91395
99813
89172
75800
90442
38112
55853
25
66914
44716
18479
98003
44323
63243
25944
89643
37216
77289
52213
60337
16143
15082
356
28089
11072
77992
45103
48302
23933
48057
95732
67204
98020
92652
24050
93927
77953
82748
23052
4392
46372
3041
84675
34531
18622
89207
85256
9528
70599
51098
45369
31366
82811
17957
51856
62080
26455
93704
77139
54411
28817
196
6068
19669
80449
32827
49301
99250
79257
88215
44464
21363
57054
84334
13344
95073
73268
12952
85802
32713
48802
60243
33851
94951
99565
70321
37528
29549
31969
38259
47371
86034
83992
37193
24010
67290
36466
27459
77927
28591
18040
91972
90703
5652
9735
14602
96688
62551
38663
1561
35869
82103
9521
86493
92462
75369
98852
14598
57247
25921
4045
57975
19528
22526
76658
92915
49462
63260
10190
46732
46658
20661
70962
48681
49034
70674
21426
36702
33715
36442
72688
9674
31873
65643
82853
55551
25284
95395
37221
90828
90580
72822
27413
48522
98066
34552
65445
16662
95929
29766
82382
59902
80401
5553
96294
64638
54531
35136
60874
54667
76977
84138
88398
72696
13517
18649
58319
39611
40936
48066
45873
57722
56979
18980
82913
56130
32539
94437
45934
61188
66147
45062
33580
25492
63379
89843
46057
44243
93058
60881
75349
59191
40930
93536
42317
57969
9963
46489
66396
67786
45888
25587
46101
19918
88410
28302
89776
69058
13428
88366
72003
44891
73978
53957
53570
59130
16985
2805
64771
12883
27671
16445
84304
17120
92831
71734
96425
85156
19647
61449
51911
19834
45221
54865
10276
41152
64760
11299
36611
52313
90541
4024
25623
93817
46495
26504
42571
15219
76297
25583
20813
17697
43561
89503
65354
56945
41969
11116
35957
68382
83707
55577
7762
8206
95243
9820
18853
58344
98288
22721
7334
84213
30411
51766
1631
44094
73780
33870
21471
11347
21404
87978
4377
3663
13912
99621
18286
49782
23292
50316
15527
8192
33703
769
10825
25138
82810
97483
80391
89455
6783
54051
85341
47361
21372
8399
12581
15666
67275
26035
33680
46407
17736
83243
64082
95584
22263
11329
28617
46406
53477
68623
49175
54840
7535
9252
53156
7235
33161
8146
34263
19086
57947
26196
90784
9445
24340
90370
79107
96265
1661
68499
6308
7457
19617
42880
26498
28415
91786
1708
64881
90818
39584
22902
11939
31627
37822
82576
21647
19003
23754
69714
93688
73108
10032
16245
16647
16560
92082
87078
67010
2986
66277
45831
34410
52758
52593
41722
83384
89206
38121
78469
92827
85266
58925
45911
93466
58292
29808
14129
29337
42112
80591
39837
59460
37371
91260
35417
57590
73694
85316
82419
27355
40944
40755
39150
63091
57329
26698
35506
30731
69904
83101
48160
94849
92041
68174
24767
29877
44060
51461
61206
1581
80041
11243
1329
21646
15185
7766
51439
31846
77047
35330
77203
54515
14060
80493
13335
72869
97013
62582
71945
80746
41878
87441
9543
74689
67060
58511
46164
85840
26822
33169
29393
75832
13458
67696
78564
50815
52369
89605
67250
4565
28739
37947
61496
23346
35514
85583
21796
43584
30747
71710
92442
28719
30190
41319
61367
94567
90511
51522
66220
93888
60612
88904
15166
80181
2320
62079
92990
22603
17393
66738
20237
93114
83076
6932
20476
10081
66408
12090
93777
61693
98604
9945
6087
71737
79931
33565
12137
66164
50392
85521
81425
71308
65446
67688
24095
78734
21441
29935
41944
33198
34920
17626
76446
41987
98609
87822
85126
47670
55836
54838
1117
71153
26084
59744
56036
84637
53616
2489
38276
77663
55275
84074
83321
11633
92498
14269
27501
29674
597
51329
31136
99095
72920
70620
15352
70927
10075
76082
91597
66501
19214
87652
60033
28439
63775
81100
84431
29074
44380
58782
61662
73021
96528
61579
58466
49982
4223
95016
63462
92598
85033
80748
66785
58201
35637
49351
41440
81419
60968
18059
66805
92668
65072
15557
18596
15688
77526
5420
28858
66462
91130
25504
23291
66911
86429
18535
89207
14523
51381
78367
75393
26586
9509
96426
14015
96221
92793
16231
4595
77276
59452
77698
86507
43716
26749
75871
80094
20029
62634
44638
62835
86731
64953
29815
95294
77756
66682
40639
56211
16225
79562
11975
97745
89274
51529
11525
91638
39816
33508
63470
42954
68883
50978
44242
10634
44881
63604
25827
16909
25578
46805
61964
2670
88866
17251
22541
68629
34261
5642
90651
20876
71146
3806
82569
10903
46837
46343
92494
65362
19482
22972
82950
21901
3579
71643
90020
39761
9062
31881
58170
49469
82118
2984
49217
8974
8347
93902
2994
36998
49784
56489
18401
28667
65001
65373
18665
23220
67138
9032
28794
38595
78582
87893
84287
53023
83509
41254
70576
32321
84005
43315
70823
55759
76309
62390
86367
85464
83441
63789
93602
24212
96440
62730
73188
57972
34967
81749
26064
8746
19183
34858
25056
41166
92094
76553
84969
28333
92280
12158
24154
11056
69635
88345
21238
3152
38457
15354
72781
45552
19450
28622
32674
91276
92715
53368
78280
44107
24615
56428
20622
5151
82879
10459
86984
69150
63829
7906
74829
17006
284
12443
99695
52661
50769
4181
8027
57084
56686
54791
78388
48899
17066
16735
18440
27698
76755
31322
92688
88191
42552
68800
20814
8967
79464
15685
91267
47772
16463
79309
66995
4923
39296
98008
13826
72036
69062
81578
25870
40180
88455
91055
85544
82317
12147
71479
10003
77710
78749
37195
94702
11823
91651
47438
35381
96649
95661
32682
88206
49187
71665
29473
15604
35918
57946
6937
40346
80549
39583
30164
80846
96600
94908
35404
42961
76669
2761
16160
59064
25395
61992
29304
73117
56425
75984
34506
32726
90477
96024
49133
50891
3630
16601
28125
3672
85274
43927
66083
55036
86874
86321
25566
68603
76053
74029
51481
86950
80454
43254
90749
40091
23970
56288
77124
78464
81751
20062
24500
95188
51467
92784
27146
2765
97438
85539
18561
52653
81992
34519
66178
22321
84500
63516
40258
84100
32389
7373
97664
71883
2284
1143
4465
8909
92516
5046
64739
3445
17374
44076
55552
90254
12598
41231
72069
21696
14390
88514
89942
98017
95648
81378
75608
11893
67091
85813
28639
90924
24887
44832
85484
86395
82818
38844
63752
53865
92986
54193
94730
65023
6321
5561
75216
45034
51477
72880
13110
69481
73700
66770
78719
52434
51731
83714
92919
51445
61306
70748
49628
48214
11621
7069
55302
10867
1591
92757
76897
60400
22101
18984
59568
655
19687
33214
90421
56308
49278
22792
24060
25749
22951
8039
32933
92256
6254
51357
97326
42229
17333
43181
5966
52852
57844
3417
3063
10210
93910
55995
72239
43940
16738
996
63193
9731
15315
51708
79021
62432
6691
92805
76861
80493
39911
33721
31545
56451
32276
98032
71325
55483
83642
98781
30690
33001
7769
99182
95524
57936
88869
5956
68248
46582
44470
30803
74155
46183
46628
32576
69227
32352
99694
28735
79541
37589
92569
61597
26645
46299
84342
62037
94406
64161
40936
28462
35160
3857
12040
57045
39494
62950
74375
62397
24336
37539
85375
58066
74203
36291
26107
81033
43851
7923
40859
96177
74571
58421
30037
73616
41672
93782
43782
53154
40090
25094
77802
26297
11420
60852
99851
60863
14218
48747
25523
842
6329
82166
75029
38016
41646
83654
15846
70837
41321
7169
7787
41347
11185
54220
49349
37778
53535
22772
63010
16625
80488
26993
30425
37585
41205
82197
62905
61693
46928
32978
15491
50735
11222
97062
96085
69794
54788
13533
98177
8089
95232
58992
30911
60972
10508
10507
50836
91362
37705
35728
72692
17457
46597
64470
85476
52031
63014
816
69958
56545
24856
93093
66686
3730
84877
48799
59689
51956
29645
63271
40904
89768
3417
45900
6716
37806
23890
70339
29753
78933
25407
67250
96640
87561
98661
83506
37868
67215
4347
620
53825
4348
92638
85054
58776
22500
43856
36591
83112
92265
59852
45227
23797
83345
70994
91648
24402
84876
53173
26725
31917
87440
77099
38426
65235
19641
72992
54770
91380
39680
64030
24397
63742
3275
10279
93265
79826
45434
75074
36918
40177
17485
23730
35737
52579
45277
22368
16702
38797
41240
29410
75452
68425
8496
76154
6224
34134
39720
42602
62794
86611
93226
82035
15586
66734
78749
71438
51545
48365
76700
30177
38170
26235
42417
91400
37805
76564
10135
40764
7370
20564
70767
57263
16823
81905
24473
3113
35545
11952
34245
58117
7247
77882
50373
93963
18629
8540
8220
43871
73079
13658
83465
62308
5170
9613
53885
72493
65150
87831
48235
32480
64213
83228
37802
55662
78295
73459
23494
78566
13978
36676
22269
69385
32102
53254
68799
77556
99833
78387
72236
92771
24107
7697
53722
80955
90827
73482
52544
52356
46442
62577
78840
50900
62617
3122
34844
11442
80637
22283
95371
35279
84175
15575
12203
59696
3746
84642
1997
7622
66660
54004
4709
10966
8021
73996
65610
69402
47902
87304
74021
88798
45036
48770
39020
30697
79357
95260
50475
2071
96139
17181
23133
77773
31166
60119
76635
35082
31602
77275
12183
63571
47652
12669
8208
96609
52092
21122
79813
39329
80165
88512
83076
74547
2762
41987
99466
60864
40057
13031
54293
45769
25081
7937
403
50516
92379
59003
10154
52075
59419
16455
99706
53088
37752
19145
98557
27687
48074
78165
93780
30139
68022
51775
40363
89263
78876
12325
6107
97695
80498
15849
52379
81160
8545
87661
24775
99196
51473
85245
22722
75329
98147
37953
45111
55849
49406
80994
59985
79891
62492
5399
59256
72546
31372
73597
43081
92205
63649
97184
69437
60263
54505
58423
55748
22120
31590
29744
26698
10309
95420
26678
15263
94464
67979
278
65041
82738
26404
92242
75387
15311
980
56539
28548
55886
6107
90397
43374
82270
14208
92024
65438
18760
44504
8530
99084
43275
55670
25469
39717
77159
89184
27767
50355
9961
76539
67919
90663
82690
63642
56575
6472
42614
76784
24275
62341
95571
77349
92309
48334
78290
73605
24700
76671
50333
64147
1233
8399
33106
91786
67696
31779
74161
72022
17699
32666
10304
50873
64156
64466
62877
69663
31508
87259
84403
24298
52216
47029
42905
64466
93555
33438
59264
95010
78762
29518
11008
76850
45626
71851
26601
80614
66799
32473
52198
20541
87916
82419
7211
72610
91550
61912
4824
77684
84964
21767
63239
48773
38631
98412
58862
28822
88455
47510
953
72713
19138
95710
85981
88127
19329
23366
30063
44220
10938
45945
36226
33957
93977
5721
83665
21345
92239
32695
63990
14937
64704
34780
9790
56054
37467
46094
93806
44556
2988
36469
30949
45035
43190
52988
60240
8753
92923
51822
72544
32186
46441
37824
64399
79646
94753
95115
28098
3702
9385
41271
54179
70972
44563
88681
41301
27441
3148
87473
30537
95251
47871
43651
24560
33148
84500
58202
91099
97451
84816
22016
13870
14712
30744
17930
27509
70250
5043
39016
9669
48319
75024
71945
40092
65244
9825
69934
95044
63197
1150
12221
52146
64831
24563
12334
80704
39133
39279
92387
7131
62433
59750
40063
52977
57662
12408
87139
67134
52748
73793
19609
72424
18541
34284
81259
90547
94823
55348
12068
40682
9685
91994
33313
13206
97019
28606
79715
57067
18810
48727
29627
3701
80586
90364
6510
80775
3486
77428
37209
62701
72981
38982
94898
84968
84715
27849
1267
3498
74701
1500
3113
38245
77772
52259
78587
30514
137
99944
16459
88482
29049
94206
28466
3725
49574
59701
2721
21895
2115
55652
65713
96797
58433
83985
86814
46223
80730
87077
1741
17214
55571
19788
66659
12864
67997
41268
92678
59979
26725
40091
70696
12654
83153
91034
23998
1598
58805
32475
33153
50105
24033
12974
44335
52325
94436
15076
38687
70040
19117
13603
42328
94031
78853
13703
88369
38017
65974
78474
59685
23055
61012
61966
53799
48797
6596
54583
13495
65299
53601
60998
27657
47010
14694
93705
99723
44115
78645
41438
48034
14185
45186
64767
39894
44251
57633
21957
65184
93520
11375
28202
52770
12082
80258
96837
99142
668
33717
9285
5998
2247
46559
78252
85289
47578
97909
42991
53329
96187
21337
81946
7592
23231
61432
1217
10753
70688
68200
13331
57716
68842
33056
80646
43602
12445
11630
97179
6465
90038
57880
22044
90595
66018
51657
4246
48548
62997
54747
94328
9839
81236
44470
95680
84972
51941
56900
78439
93698
64866
40983
94186
81407
9011
85772
60515
15434
66390
93026
68340
25787
5510
3670
97582
31912
46970
1920
93193
60266
88444
19341
90943
22917
80416
70567
54371
14382
45007
29560
30199
63953
46740
43074
58619
96877
28776
70159
68056
45718
35907
39969
57732
12484
20318
2884
35716
81877
40695
14370
60499
52766
41418
16719
55687
14824
5217
47521
5067
16203
98865
85402
57142
84275
39143
48066
32108
38946
10904
89392
26787
12632
83772
93669
29523
3477
25343
32479
28005
14655
79265
44257
97406
63582
31015
11711
92172
54047
20549
28517
79954
86904
4358
12340
23787
65497
22922
43063
46116
3394
92043
40936
82904
4146
67887
1823
71146
69313
1497
31187
66967
41004
64688
37619
66747
99323
26627
87081
47566
12492
18747
35481
28874
69344
99130
89692
19801
27462
93
58379
12721
22084
2333
50856
438
24605
44972
34527
49600
95368
70138
40548
45611
65208
17601
50066
83747
26924
45094
2133
99770
7167
11235
39007
38632
91091
56952
50639
12991
4625
15569
23696
46921
38243
60858
83382
49732
70546
63186
47705
56489
96051
44911
70603
45048
23134
26964
52593
83067
19564
99401
47046
94628
48557
55009
69687
68937
8675
48816
88629
25750
98672
90887
99890
60698
20151
11412
67407
40410
29128
78321
32380
48532
56152
62749
7172
78394
64967
63005
1907
98274
57714
75732
79153
60697
83766
15557
95870
12203
48718
54177
87150
57864
98235
36839
86333
75092
64963
7193
36712
25383
21804
10072
66348
46752
33028
15163
34248
9185
22322
34188
13124
87948
51090
78199
17601
60852
13419
86809
86169
29636
89990
29227
62625
53251
75308
14383
52263
40633
99198
65140
89982
91068
65144
70060
38954
98487
57610
57548
3557
88645
31489
59119
89733
66125
35479
20471
46827
23907
64797
8431
96530
68412
96505
56769
32988
89007
5409
49706
33567
64574
41391
44039
18992
11702
89916
47866
66509
64176
38628
35776
44713
54260
61041
95938
18646
76238
43200
89072
28152
1554
48536
63557
12302
13540
68196
44567
93543
66310
27604
51970
56090
46467
73034
42889
66556
39226
89510
50315
62997
78158
3422
59549
19481
48903
29474
47444
37325
90458
50203
80103
83268
44331
2809
46759
56722
3954
90128
51345
26872
93044
26860
26713
90221
40108
22674
2921
66232
33395
18432
54673
28147
32707
31957
42552
87797
51282
44961
48667
85200
42343
3484
29919
34733
42776
42743
92210
82350
61064
11364
23009
71284
95619
7484
98693
9218
24143
76103
65705
13641
68551
97897
93486
2781
79515
5986
22462
29039
78958
31613
61959
28989
31950
72416
56467
33303
52349
37887
4655
38098
44760
80358
37541
17863
1468
40165
92015
565
19534
76791
54823
47059
73538
3379
26514
51570
51977
47690
21179
46528
28101
44498
67918
96415
11845
87995
66939
87132
11487
36395
55505
2398
29394
1702
50967
93405
91152
30928
489
71760
77589
50548
18385
24191
480
43300
41759
74564
15684
91734
75265
49964
87891
90850
70166
40485
95225
85334
12576
4017
67145
85350
14569
23127
73576
1872
74417
96780
32896
50813
4645
5695
98915
90964
47806
69673
88045
29024
8709
54320
21695
41726
63466
9280
30553
12920
41874
93753
37800
65792
33893
83916
42822
93272
22282
1690
35191
47535
58705
87562
6029
98367
31171
6496
39850
6666
82816
9357
84060
40222
71940
15510
49600
43118
73228
3995
74613
6800
23686
93685
20718
96013
94764
42886
77273
59535
75891
51883
9083
8937
5519
72641
31528
54149
16868
15230
13264
94685
75435
58260
38708
81091
23256
50346
42570
85960
70398
1246
41944
47014
7914
39038
21400
84320
87183
2777
83371
50411
51256
36381
10063
54104
18269
89084
47585
99359
52897
52550
19953
712
54491
84456
465
52782
82201
11143
17394
13452
72242
66428
36088
23673
57042
1226
1866
2432
66600
8477
54538
28355
89098
25767
84715
15464
86260
59959
31482
96418
27105
78894
24529
55992
2702
38282
62995
37040
50802
2105
20472
20852
74045
93567
84508
90445
55445
63151
33074
85716
32520
40861
50721
71661
91479
94320
41229
20168
6382
9729
74206
45389
98025
22461
96602
90962
59239
95769
40686
10125
2746
15901
36298
82222
16300
55197
62582
58536
57605
93890
34151
28062
61636
73576
86226
22468
4912
78287
28331
54773
34344
35889
41665
15966
93025
43323
25845
13200
83112
13241
51527
96271
40134
24327
72884
71106
53299
24679
53470
59571
26062
26878
29932
24319
64015
76735
76145
30025
36910
78898
62674
49828
80485
38385
14595
55831
62936
36894
74434
84995
95048
8479
25962
51145
78143
88334
32088
27892
4904
55919
43351
5736
98644
11403
38757
34310
50983
29454
59521
57378
66616
65851
35175
96957
92270
97403
61334
29626
75660
86939
67180
43996
88780
38668
18034
5812
18123
27285
10516
55704
59502
97251
27228
67124
82824
15343
47613
6619
42255
34363
89031
21697
63820
40968
24638
70366
36150
62793
78215
24033
3740
77993
98052
39808
27093
91246
10035
77745
66630
56932
10480
23846
95802
2547
56877
27548
71134
71478
97496
26354
45251
83605
76468
35908
2609
88807
90150
95599
54899
2362
37771
29041
42900
31866
97417
11198
98988
92615
82750
53214
59271
81194
92588
30011
51734
54745
59730
48495
2406
54614
40316
80390
78313
98938
84869
63518
14163
71309
65793
52927
63473
22804
41650
96191
28308
73968
55449
41448
47373
77657
41312
22357
22331
86494
38108
42692
83048
43334
28922
28137
99828
56622
85830
71925
86635
72695
58162
74219
21400
26942
38048
78771
3920
39665
32232
23915
52411
36086
76145
12652
92048
58067
55750
18402
98937
5483
25126
95352
95048
15496
87073
48789
94506
26982
63283
40420
35307
57530
5881
50458
40535
32082
9060
12607
35959
21847
45063
78379
98868
47401
62704
34288
85381
1571
11408
12145
19738
99187
17015
9081
60572
27662
15266
35765
66790
61030
56761
44933
6416
53740
43108
29705
69500
5148
44961
17884
64251
67186
48067
91405
38154
13071
55832
65172
23365
35533
20786
54942
35440
3437
93967
31474
87730
97122
67187
65224
96710
10819
54350
46722
95779
65391
61409
2252
16714
28177
55803
89732
30165
80280
22569
6719
3958
50134
61372
3506
35236
12035
57140
5658
53259
53515
93850
72413
54829
89648
79071
70292
96164
86109
52776
17878
93420
31408
96613
69909
74549
58123
22985
78678
75722
96648
40265
72038
81736
81568
17564
7080
35473
49919
79402
34803
45728
99842
93035
24933
27680
14737
7123
76383
5031
96885
98898
44098
34064
18296
64654
98037
13285
68481
55575
93384
26937
3296
16606
15387
19775
99307
3950
26416
81466
17131
23384
65787
90088
68849
16263
34233
5881
9668
24160
22285
27548
18382
72816
92734
34357
86126
78954
96171
21976
35591
4985
48900
1738
3317
70422
50017
70153
69423
77965
14635
57806
32261
33761
14793
59520
67068
41950
70727
24639
18199
91485
78945
23264
6264
47884
7321
51099
88959
5242
88565
9487
16605
244
57298
30600
42820
38226
29374
48346
89880
48561
29595
85192
42444
52412
94916
41619
8311
4691
10172
28603
26810
22836
42078
53671
88118
83274
49122
16128
72950
84010
4752
28279
75523
94477
98620
64027
3609
44059
27818
51520
4683
98812
58993
96080
65537
6428
75173
69825
86343
62378
39864
24986
27258
42610
94520
60572
74982
5877
4674
43916
40814
188
75493
63124
62555
83508
80384
43144
50503
23319
54637
22073
77793
35185
60355
44699
23201
95687
25960
56943
76753
74727
40210
21587
91393
68566
681
63528
78486
82332
61181
90588
63932
44099
9728
95510
55893
73406
45861
21109
16269
98700
93193
99894
39029
34659
40905
44163
60220
46527
69522
93134
36077
84302
24285
58249
54171
58879
9226
63863
59532
88817
21690
85912
67112
22070
81575
23784
18108
11894
56245
74083
70206
37238
7727
37078
9102
79543
92110
15595
1810
63821
45811
69479
6749
90600
66306
85202
65908
28273
76023
34008
15368
57028
34313
7638
4497
85669
58900
35976
2572
34502
39708
74565
95571
37508
767
51893
60191
44004
42097
73695
87119
5765
33465
4817
57835
36820
45135
22378
63663
39020
93742
96657
40279
63373
52694
23018
64798
28617
28403
74087
81332
71046
54473
26780
17255
28242
26276
85815
84430
88434
33034
66000
22097
24981
84629
33898
43542
99278
22319
71678
14713
43663
55877
5900
11933
40092
5841
53971
55149
31306
84978
24639
20467
15211
33361
72845
91750
30078
93806
49793
77405
72051
19311
79395
5697
57638
87045
64887
74601
27478
93508
56495
19931
41558
72322
97004
26765
70357
53528
8030
91016
73018
61485
1862
22444
36006
73823
82761
16947
16120
45371
39358
83009
72906
84797
11846
37285
31253
63592
49655
26092
83321
52706
6711
71598
77437
29583
82752
65655
7553
95611
61881
3965
77821
29283
45688
16455
6030
47089
36669
36447
83341
30634
96461
8975
17673
25528
22930
53514
42330
93593
80576
90735
13696
19893
72927
16373
35542
13422
76438
5115
95792
3331
37680
89682
12934
21123
78072
16069
84583
34422
94222
671
59510
11833
61629
13308
39541
255
80194
18886
97441
94992
27229
5651
60069
94573
23401
77657
2730
77854
99177
38656
25565
40489
36375
78597
7816
18149
6445
60252
84940
33475
17472
82730
27848
7721
10628
31455
61110
51690
57356
30955
89810
42957
28530
53357
57620
78040
84794
95646
55630
73331
6660
72857
17047
31142
85076
34416
43554
97435
87201
23170
63752
87438
40161
16647
32319
94744
83042
9610
54160
94534
25246
382
76097
92120
32465
41979
77035
60018
45716
4028
50965
89568
75459
18144
87818
60703
15765
16915
65182
98849
24393
35651
5595
25011
50542
20942
77041
29461
88901
70361
71723
81498
1330
28660
81603
63182
64137
55686
59156
79914
95539
37226
65572
37442
77688
54349
3258
45550
35311
57415
75491
92718
83249
68838
37650
58394
62663
1791
46603
10201
69805
14362
2350
84271
88102
33117
81574
74262
43912
13388
44541
3004
19683
93257
60853
36298
3258
20281
76180
6275
85838
73396
17591
92747
11888
86714
32101
25726
691
20932
34
53327
86851
41188
81937
7718
49946
57198
67797
2715
62959
53514
37291
47723
28370
4379
51368
49674
6086
29906
20568
81309
27654
55172
83103
39632
43458
92727
33529
34889
52586
65352
34723
53544
19854
23178
41918
73894
34057
12639
27331
18453
51278
76124
96695
89944
91729
97368
82893
84187
67562
97214
16847
53622
76853
58289
30449
70865
78
13700
86785
8020
29788
30631
40342
12411
81145
14177
96271
91212
39909
52912
43126
38966
27072
61238
52844
85260
27537
67575
968
17229
14946
35514
80562
18971
33502
31884
36156
71921
89543
413
24772
26486
90344
4347
54082
78094
73092
18025
41564
62087
81575
541
70250
62558
88036
4004
54867
74679
60477
3866
14032
74176
27656
34567
51662
69670
47382
71456
7187
83567
23000
86580
91171
25994
87112
16546
95380
45113
78992
43393
95863
40150
46722
79498
25415
82830
4185
15699
74283
12009
66629
85149
76183
2042
30454
96638
7905
55882
33025
33250
77958
12588
88830
30868
30111
44092
74591
82031
32920
45180
71391
90844
54893
72169
41788
88684
69119
55926
8963
19393
54888
32505
24783
76542
6401
21419
97648
32546
94352
11433
985
55010
71999
11300
23640
94470
9248
14553
48942
65349
17202
39657
22828
32725
62973
93992
8483
50902
58600
26352
51433
17952
28542
76624
9166
63102
50870
5096
91586
86876
19607
49096
34790
3166
52049
36027
22836
31368
66539
95595
50515
21456
52288
36822
64307
82573
34274
68115
8210
93913
36437
87667
33442
90177
69002
12687
46272
89108
27992
85358
46798
70595
13393
25804
78152
98935
37661
48405
71817
21938
23159
76933
4992
32425
22629
20431
55105
17190
14109
41971
6500
76095
21442
64915
75027
78141
23677
94146
54081
6774
84736
44924
44502
512
29102
1600
48763
15607
86440
33781
78713
90369
15783
76527
95517
40321
6413
12322
89863
78947
20671
16873
24050
14756
78915
82403
66894
24586
60271
78657
31121
81448
90670
5280
14929
73456
52578
37600
16819
52120
34962
5144
11158
15172
61470
77335
96396
31427
75333
88825
23073
99533
19088
70972
31202
91030
63789
94910
7094
22273
54443
7090
92267
36030
63759
42244
96771
65519
95409
48910
61756
39490
51372
8982
3612
54119
88204
70591
54805
49521
16424
17899
44608
10191
58860
66401
88225
62815
33992
74604
23202
16916
65926
41624
80850
27685
90400
64710
28657
38186
10749
42470
33270
26348
64084
88463
29878
43987
52777
9005
18203
67694
69013
67796
63219
32008
71573
88151
41321
12363
33580
66570
98613
63182
86998
50274
74612
92272
67257
7739
73095
55331
78810
65075
24109
70949
40960
77974
63879
10979
9990
54877
56356
30235
68779
43055
45870
16612
81709
8719
78809
12612
59773
34751
21058
83080
74346
73183
31777
98874
95974
6067
61265
83087
85496
18691
1077
16924
21200
77381
15824
45634
2657
75531
86439
88655
52457
42420
90987
26554
74650
95691
13842
82752
43376
71872
59017
45606
42245
37466
41229
21722
77756
18617
65005
3080
82141
39984
36362
46699
11323
30673
1742
93001
89305
1056
34236
89183
87041
40322
86557
53814
52251
64578
39488
25757
95362
52874
25188
14229
26032
65111
79878
90511
10482
33044
59848
30205
47594
54099
50439
77326
94267
31754
99769
38507
50060
5345
32439
29469
72034
96242
86757
72246
4267
72544
27044
65840
32549
92325
45991
34992
17976
20497
26047
60559
39264
10107
1604
61876
82056
68566
21527
95954
31214
90186
66546
15331
55188
73647
31548
15659
71107
85
68924
45506
60208
21533
8055
67212
31043
98436
2506
97002
94655
35356
44826
86971
29596
11973
34672
74706
47383
95214
72510
74785
36112
102
27530
62109
28276
37044
85789
90593
45914
6782
90838
286
38480
83691
14315
5506
48500
59658
59407
77937
6091
92413
16788
54274
42520
83352
56500
43641
21059
31000
4657
77826
43343
78002
1326
67833
59052
26779
13237
23901
14114
4676
72084
77935
35520
95106
10903
14939
83882
41048
51537
39582
40174
17855
10999
78231
71163
15375
73108
52578
62279
27623
43560
78831
19792
27777
91135
70149
10882
44751
80102
77172
45301
84070
83132
13054
40541
83049
78173
17376
18502
98347
54061
15853
41371
74936
75721
3497
84523
76644
46252
3053
80946
81166
80547
76154
29233
28654
64146
11167
41524
27583
72505
39215
291
85339
18400
12273
10440
89177
18132
13792
61822
63643
16407
20983
51666
53255
84935
39909
3888
51541
31948
99486
233
92869
53383
34072
26688
33208
33236
99754
67756
44080
98845
34906
57962
32123
33794
56567
79428
25511
42113
68771
73458
61410
88502
96181
2119
91568
37543
38767
30940
41710
93678
98382
55029
52781
69212
74449
33368
30427
10778
51290
61970
48102
43410
61138
10324
86705
7237
60729
27044
41671
69556
43887
9723
86282
59782
30068
14603
37878
23350
63477
66289
77723
46234
49191
15781
30046
78182
45920
71375
86037
45782
42333
22369
16782
62289
89995
60835
36309
66461
77196
15123
14345
27707
72654
55993
24589
91980
55689
63596
87151
70238
90663
15213
24900
34174
97893
84195
96199
22572
43689
93921
97917
9854
47003
43107
58899
82722
99947
84125
34249
14698
37241
44051
61810
83652
18433
96188
4775
3461
86565
88466
91744
12934
99733
21533
82504
54681
95448
81805
51230
73213
51730
79736
26957
37839
46047
49281
63491
41172
56251
96355
31961
3791
83661
23040
12415
4439
11219
65620
15390
42060
98116
39636
64001
49448
31626
36706
48495
51762
96506
35018
55572
71722
40894
36010
43568
91783
3259
62596
9861
1248
61177
72160
55074
37455
95595
3676
45609
81140
99850
53747
40219
39039
21937
81824
13071
81337
42801
94549
54840
76004
83317
69136
32136
31926
75228
61705
19590
73398
92438
91298
45279
78912
62997
77399
34372
67322
57540
25653
90401
21545
46888
70046
29742
7911
22309
79529
83629
43655
88960
40487
26978
69231
15762
82336
12473
89515
97174
59825
86190
9355
81775
55050
84123
73484
28877
59479
96360
29304
96724
11308
90583
22564
48154
63230
95310
94299
13669
54336
54428
14859
21629
4728
5660
79012
65373
67330
86699
87174
83434
95204
45810
26574
72273
74774
82212
31197
20121
92116
3610
26683
5362
69469
94727
71251
64231
64875
539
6141
95878
679
3617
45264
50318
95582
11132
46633
10612
19160
54804
86860
96629
70604
81182
25299
75226
13523
60975
37633
63190
46573
59888
97882
88602
92675
24533
96749
24206
85937
55891
74764
38990
97798
36295
1069
43711
25261
31362
41369
81397
29513
50444
29361
12849
15777
52231
63038
48478
46007
53744
32076
36295
46004
20015
58455
52846
33575
66046
59768
23397
37077
58639
90783
17892
90041
71774
28596
5475
28347
67702
11306
45419
55703
26214
90300
72934
74591
64997
6851
80701
45534
46067
84567
90520
17302
38816
66798
22507
98507
11100
80197
9382
43033
89272
95394
92835
60179
6544
23227
33943
91421
9007
74339
50666
25525
60559
1848
47693
26456
81796
80502
81757
19909
43342
28265
12851
72477
29812
73157
33753
69647
72927
66616
54624
44369
18287
10245
73239
95758
50665
50517
1166
89662
79288
35352
94334
96116
56527
12551
26607
89174
50616
81931
82324
77582
41026
74789
36156
44558
68980
60825
77595
73376
52577
61272
38145
73247
45291
78015
86323
19588
99826
6165
89875
26687
35668
73214
83880
11011
87052
81651
82536
49523
28844
20815
62051
52821
32077
26186
47627
94987
13739
38622
98403
8613
5655
49383
99359
12306
20807
78295
86322
19141
76601
44490
47887
75129
56551
43240
44825
21283
59474
55599
13403
94317
52311
86163
7932
88785
6493
15950
35567
1807
93604
96032
57526
18191
62273
64969
9241
14641
72951
7859
94310
76657
40400
225
24060
33912
51882
74929
25100
4007
5425
76484
79113
86748
4874
77367
31829
19208
27440
19756
8720
79678
17754
76963
96633
22335
54523
28428
59867
45657
6273
30848
94971
69612
96796
21405
33163
80748
1466
10210
56484
77546
43231
71238
81180
24408
36886
91262
27283
6601
43919
50135
5358
78743
62108
5364
39827
85529
85297
16129
47787
16482
97846
55730
20595
11929
47627
32546
79882
93952
16533
52439
24550
88207
67057
52498
90555
31121
8276
57231
96540
43517
91661
72124
17261
23121
60559
73594
47401
78938
54494
64112
20389
1852
82970
89941
15893
69980
70345
7016
40153
10362
67070
57023
23556
85878
26307
71011
37222
80875
79383
30506
23909
22314
70437
36784
29841
60753
73483
98521
54045
76206
59285
15371
54374
22643
38699
78389
73335
19470
5474
84959
30009
24864
39297
41901
68897
79633
86932
62938
43775
804
15411
37324
41252
24203
51208
83199
28176
89388
66040
30684
79437
59187
44153
82247
51699
19612
77667
53819
73908
92272
88717
81081
68244
44077
98805
91317
71423
75933
21301
36957
38971
85016
89057
64525
86337
5605
76271
71451
3605
90331
78956
93981
48879
23024
63548
44275
87180
79720
86738
64488
10349
4454
33851
52855
13118
19520
75960
27456
75775
46981
66753
2955
70505
55449
54679
94506
79688
47581
93320
78059
26125
90539
98976
80697
74702
95366
26002
99909
62127
3343
28715
7345
80736
59770
47825
37680
98267
84725
3778
79988
13634
4814
65432
44574
64959
29038
79441
18145
57276
58818
92653
90538
94008
59777
35167
73447
30319
90502
31307
81524
23074
43827
61025
24366
39537
98652
38923
17688
53017
92408
57514
71739
70727
61964
20186
99391
7266
52038
12338
83065
93620
38336
49561
53029
77991
9658
13900
85895
91438
43417
64236
9361
35849
26405
66165
46580
95083
52094
75297
82108
43820
79315
49482
59338
64669
73451
45401
45550
99080
72000
66558
13939
84238
90066
33721
75985
63050
14811
4392
62726
84022
1780
65590
82840
26574
14171
70164
68790
20337
92807
20278
42655
59830
24763
14171
80327
67097
79945
92537
40828
87845
7552
4025
54645
68693
19230
47118
46477
82922
45506
24833
65502
50241
25828
27178
22662
59664
13797
94138
17740
50786
62868
11455
41164
43646
15129
83840
44127
87207
75006
36361
52788
87664
19224
63009
42979
88950
63177
67434
84485
10504
27089
3591
57142
843
42758
84872
30170
69359
43635
4068
61997
97255
61568
1512
33037
43630
36474
17053
8609
29971
19185
45851
42583
55976
73040
12346
81082
6628
31756
89731
45725
65834
53696
67171
98965
42143
37938
73280
91254
16975
9032
69563
31348
70406
12132
49167
19054
66873
83346
16738
46305
5842
70753
77787
91331
35892
84416
384
25725
36706
94948
2259
14821
61248
65069
13029
59642
1039
52385
30955
17344
70664
34589
89209
89878
5737
41463
84126
44794
93654
38781
57683
52791
88274
54659
84722
10248
39608
79097
5878
6132
23219
96689
17915
91189
29253
90499
74295
96943
24381
25029
91355
60853
76122
36261
5396
44359
37230
53243
41300
50259
41879
27420
18632
60940
59710
48557
60481
14269
57301
3671
54736
62971
19530
49266
90819
32297
53170
1050
58454
27009
38417
83145
72169
51334
39522
12456
57910
75956
69369
64751
89265
96293
90691
80264
89582
30074
66291
34086
85606
13078
21224
9914
81720
49379
67268
61763
22889
37956
5004
3990
33412
45377
13276
76619
7046
96503
59139
11562
12822
16927
53906
47371
16919
31891
65238
27168
65522
51710
12461
40274
48599
89476
28211
52560
24751
91259
5308
33401
79738
16013
72936
42947
77349
39651
56686
87290
45113
7722
97212
29092
78051
73741
28625
56232
4396
20060
21271
52453
97107
62915
29001
39336
89792
18033
26399
34382
42309
20181
68444
38022
34077
64621
28836
94982
52170
49033
15529
38281
22356
63194
78141
62244
96574
3055
3442
37101
86814
91842
91703
38715
93452
71283
48439
7366
25343
31715
701
53793
46319
97631
64687
32991
45240
32773
96605
76226
7522
79154
4106
65508
68783
88559
36879
43757
8361
59390
49575
21671
78422
80285
30180
59775
77904
66546
90799
47820
71714
3369
5110
37071
23846
9981
78271
83201
27924
14799
31272
25972
23900
8560
64691
56881
83822
82849
97442
90641
73545
7812
67791
57260
92419
62844
5116
61378
45638
15367
40602
40509
49099
59483
36210
35141
11803
91452
32067
38488
3745
4005
82730
30718
84113
98431
97256
85183
38720
7860
34576
90593
23152
2034
79253
37057
32289
9842
59480
72437
34653
19584
25965
6880
42907
42398
1598
87775
67438
68936
10302
32758
476
11616
40225
72313
93699
27562
44812
7300
61902
35610
36092
36136
3576
8289
2998
32213
92014
55190
72799
5104
96197
33885
16715
72245
88928
43222
94656
96462
51842
62405
88533
56490
76250
44525
93023
15111
5546
79346
57809
69587
92577
7553
38281
60331
54090
47976
50070
56169
43520
85014
4452
94016
98626
67548
44070
25814
54050
79725
68435
19869
65617
92761
7479
27984
76570
83162
46036
61449
61786
41883
99564
85215
32211
66799
53478
71033
96571
69332
4965
73841
27276
55151
93340
77658
77722
38595
94768
636
80103
95961
64186
87179
98118
19651
45069
84565
65731
8952
10311
68082
16142
62704
97012
68811
95891
77972
63443
92221
22086
22755
61830
42518
8552
49810
19233
46461
75848
55938
40003
10713
2057
31395
76727
74371
33804
71830
83016
9165
33842
66735
55201
43146
64017
18464
58479
11111
79022
48424
93960
27773
33836
69371
50428
87500
98505
85531
10155
38493
66015
1838
34968
85452
44239
89664
88012
9650
55601
54553
46489
57408
66908
15870
9993
42661
82239
25043
64338
58589
58481
37789
53190
32405
62576
28076
353
76332
22456
5738
2744
92021
67548
32271
51328
51518
64521
48902
68444
5829
94852
45108
21472
6697
39942
91833
23682
11263
38146
89403
69540
15795
25994
89902
5370
77402
44235
23712
66914
40974
17071
68213
45293
86113
39629
42293
12748
25838
83599
91785
15276
59820
98776
81588
86124
65429
35931
55731
22588
2217
92945
60098
15300
54460
15902
13555
11725
59137
80569
21151
60720
64368
65578
5262
78771
45556
44281
78764
84089
65841
90884
22938
52543
85128
14044
13832
71973
43686
84734
10391
75292
18869
52484
95149
9928
55757
92623
92674
57132
70656
19664
50598
88029
55180
82837
96954
76145
71044
28274
25811
87214
45555
30557
85916
46312
5106
89775
9358
1342
17047
71561
6301
14577
50963
32440
47580
25800
93009
84505
84550
31526
42382
98206
38641
42101
55392
95680
33165
96245
76263
44139
27928
98023
36986
28444
37284
10986
5096
1230
71878
63654
16324
95931
51513
76258
80913
10781
51790
15486
28950
34589
33013
84992
81859
10531
10804
43796
3973
55720
29743
7501
926
25576
28485
92992
27149
44781
63977
56046
77007
8072
35008
13934
77373
28446
63210
95686
25051
94972
98137
24095
93384
25705
25938
52239
39998
73448
7843
94156
44399
8377
87916
52359
46264
2701
96502
97567
89676
60799
48128
41569
11586
6929
86005
42432
59581
36619
77422
60416
795
84207
1381
10962
33928
28838
15115
62101
83116
67926
28404
13354
55355
27322
90346
93766
77615
73634
79425
64943
30292
47815
5092
10458
10928
60616
20706
84087
40500
97175
85587
9527
84367
89857
49365
27613
42208
89579
14497
63189
50737
41774
22858
90349
51534
8234
38758
82925
89038
12994
16254
93734
30671
96742
52795
32357
2336
53490
16534
764
7968
70956
45031
20495
86813
81530
40786
61838
47240
25827
56911
12584
96250
15081
87602
14074
68898
17796
18066
65893
48687
95298
98517
38661
31986
28954
95779
88380
36062
30528
51622
50715
97657
44330
71397
74324
51079
95889
27947
10981
64496
14912
59279
77355
17389
30539
73403
38290
72151
70597
64108
16707
9867
92584
76985
62154
25601
29041
35511
10472
45815
61420
53124
47185
38106
36657
99626
68768
6602
44745
10248
82777
1227
67412
54816
31912
52036
55596
80225
26713
38528
33989
96751
96122
13213
19927
53097
78316
61216
24273
85175
75534
61547
12420
83431
74345
46356
99001
88915
23218
34286
15080
75020
77129
91687
5287
51141
70368
16006
36438
1734
6816
10580
48399
75902
14371
99156
95921
68706
77380
79723
94632
34157
31742
85405
22662
59015
26752
94149
47365
59617
60357
16374
88524
86545
60786
65055
79549
34553
33941
91182
35739
77401
38283
47251
56191
42928
12204
17014
63268
58387
87692
76655
22649
6813
47046
99455
77786
81320
49710
80614
77822
78521
15313
58816
90196
95832
54993
17512
12960
99255
91733
5595
22051
98633
46160
76001
8099
12268
11109
2108
96108
93300
35187
90320
44838
71960
37178
3443
30786
20814
80665
15059
11835
24743
90234
35183
27153
3522
75797
3226
75547
65872
21228
39730
88842
2024
70402
96170
53136
79656
73487
26156
68968
69935
94270
76634
91450
84951
27827
48713
15399
31613
49209
61758
55323
44512
32664
17147
68019
65772
31604
42187
56179
51095
17489
81099
82614
39352
85412
93326
30043
55428
50266
11994
13858
81577
48801
31263
92351
54423
65220
80405
88420
34486
10408
18686
52441
60304
42924
81864
78327
84826
59029
78737
92336
55192
15091
23694
26324
36753
91533
35460
80892
25160
25871
97539
22013
49822
84677
77369
85922
31939
31369
27344
81852
86618
99647
68165
10767
5210
65993
5614
73930
1437
88181
45530
25560
23763
97326
69885
75174
46723
42642
14444
96884
33261
22966
90789
76170
76778
73925
59876
40464
7508
58317
81329
43645
22837
7793
35033
59912
44683
64747
47756
44368
18401
73198
91784
19841
28045
82403
84788
67693
32128
18969
38164
11223
62588
10876
52986
37949
85616
52658
57890
63825
73136
24626
41291
35612
16115
22033
65577
85114
91664
62434
41315
25492
43875
24769
55862
3276
6396
72654
42586
55658
34424
98022
60341
30470
81308
720
39339
85937
84331
1372
15837
7796
88464
92454
3920
317
10560
58360
1771
6583
75892
61391
9053
46567
54396
47322
60611
78076
29813
53857
53825
52073
36801
6050
29656
56715
81790
88843
22688
58387
96314
34989
70570
63222
29298
70361
96898
34968
9590
4329
29567
93492
5236
41226
11443
51252
86192
60883
59611
64099
24240
77105
77059
10944
82709
82994
79048
81612
48865
74201
55260
89234
28249
39042
73956
70529
62055
41527
89767
30612
34403
12308
4916
62856
9465
77647
45718
96299
63048
81029
66341
23849
11109
89442
87920
46391
79977
70189
20638
68177
46673
44844
78701
93403
13163
74548
8679
64353
98563
70272
92353
48036
81467
80127
33769
66189
21101
95141
73570
79050
24846
91299
34708
57227
58018
78180
51961
46696
49854
99411
74156
36670
84737
56669
31694
73893
39294
39931
275
88301
10483
29910
66120
43276
23364
43936
50288
58454
29228
36889
41164
44758
54238
93635
80221
69696
24591
35343
32069
3642
33525
86807
11385
90339
99606
62039
70572
21634
60213
36492
51233
11919
66961
23986
76208
61066
95701
70966
72593
12801
5719
32601
36721
29203
31370
66134
89034
78172
18151
62602
18191
74593
57833
72314
74848
68444
85134
84191
67575
22413
34392
17835
54485
93696
24798
71553
49687
9309
22857
54637
14203
96533
15075
35629
18413
52320
53563
62572
67824
38509
92636
85042
25390
90997
65515
35570
11713
76733
1312
79672
51846
7080
14701
33356
55476
27064
26117
79704
9585
46842
43936
53131
67511
53827
170
5328
77417
51021
28933
79958
14863
36274
13287
45307
75059
52864
46923
73791
22232
1002
47174
2290
38980
53611
44084
14048
29197
61986
58445
73045
99662
54659
46061
61959
15302
29124
37006
51500
5538
51917
11915
94397
42054
18717
24593
59090
93012
77189
74193
74494
24088
92909
2540
39984
76872
92144
54023
2173
26548
55064
38406
36572
82985
19290
52817
51542
25213
42621
55273
59337
43355
44520
29857
33111
68444
49100
33634
80777
45726
87172
80052
71599
63014
4031
92429
53715
84479
31320
15248
17321
79365
44033
58282
49729
17403
91538
28126
71160
16523
97410
4048
86261
100000
15694
93374
95518
21010
45151
62063
74286
29140
77538
26748
68456
62940
4232
14551
82147
84801
37390
73840
10232
83601
72287
61934
6537
49519
79872
619
41839
87324
73622
46894
33869
91561
53898
68194
32572
74934
40706
98519
90619
99437
31143
33296
14936
59996
18828
39814
59414
58398
24084
73453
3590
9758
11513
80297
19559
40194
63481
40433
78675
69587
29436
76295
52263
23355
62405
85401
82703
46590
2110
52007
43401
81897
14376
38901
44738
97582
12651
64753
27679
16376
78076
84708
11443
60411
43922
88000
10974
77411
60008
27702
33173
62252
85513
55152
56001
42075
23516
51706
41173
98182
34275
67457
20718
99877
63280
91778
74077
42900
42996
33204
37427
42560
15149
59657
4731
15585
69978
59689
96012
44843
77927
35342
82879
29823
51078
8126
46795
5833
75586
26396
5447
55461
80683
6786
97489
8233
73747
66390
3068
11963
95327
61300
61838
19415
6058
78362
31878
28648
30429
21394
87600
51243
18964
33949
80826
29011
800
53217
13112
28672
16828
63382
86212
36090
21246
71096
99389
12049
8124
63459
66020
3363
61243
2998
81531
30854
11264
31775
2588
24168
62044
46975
45247
39252
65012
69989
77104
5678
3671
83605
82968
41262
75098
80239
53157
96871
24975
21392
96334
22346
27512
23088
74645
93386
76529
73779
38291
38309
74530
84580
12491
40337
25195
55417
50943
88665
60521
79345
84217
21029
87962
49856
43389
70359
70129
81988
7482
7995
49712
72137
61292
38332
84686
38528
77276
37886
37991
66832
32992
76858
5799
71875
40758
15035
19433
73129
50337
58967
28620
80823
68530
62142
42516
42961
28922
74879
10001
28360
96033
16527
26619
16406
75010
16385
77586
98832
590
54734
79147
21896
27619
51583
32629
27882
13418
62467
39388
78903
88827
11506
58409
32372
84351
61060
8275
34775
66097
56011
38633
89086
68119
31427
96259
17100
77581
62096
90300
96587
78418
83016
83370
29031
61937
64164
6269
86314
90447
63531
42711
7634
94215
57273
27612
54483
82406
67787
79735
26213
34768
94382
81283
67845
40949
89612
64561
3952
27120
12279
46391
35203
16745
34310
14229
36855
36525
51267
65115
86827
91479
21964
32823
9558
15013
87981
87002
7751
45210
92472
79672
8708
7417
6922
18763
11087
70350
31102
95252
48433
79995
49703
368
55864
43503
64176
21026
77059
85657
86836
35069
11182
96642
31084
61218
81838
42304
13995
17854
39745
19640
51580
24379
70170
80433
79813
45332
30328
56657
83408
17156
50888
20264
92431
39694
9927
1111
98517
36383
33483
60275
75237
48174
10478
66864
94470
53763
41189
93643
33090
60083
28246
56040
95888
57300
34975
28083
56907
71343
15902
8249
42344
37251
82980
53837
75180
86922
33053
74637
14580
15677
71223
23763
96880
27599
43063
2742
99697
893
88095
55579
26276
94340
11355
75828
58459
3271
55049
83654
32069
42976
14242
64249
42465
93469
86800
14346
29178
32356
23102
34206
77033
87898
92100
85246
26109
68657
92482
71344
50681
35495
40648
63423
4974
97163
1579
59867
98053
75386
46722
12589
71939
20804
17282
40163
3488
32716
75585
47825
35898
97054
90311
3663
39998
78371
49010
29962
96825
14855
72269
65405
30007
18701
25454
19112
54204
42475
13962
69703
815
12932
14107
47069
55015
8110
75629
36347
72990
64098
54056
8723
19344
62713
88459
29
82524
36619
63541
48740
58100
6334
28339
40489
58601
73231
74615
96099
59131
88229
28782
36158
60094
49878
46051
55799
74650
45637
35586
65162
11270
70371
85493
74509
41546
22989
63520
46517
24073
94835
27407
36462
62589
70716
72135
57756
53128
6454
77804
63544
54587
67639
49203
98210
93680
5096
33331
49448
62159
62610
16363
52833
86819
28239
95639
99294
64206
66018
57727
47110
66319
53404
18827
88762
55239
3769
90872
90818
54811
23311
96280
39150
10131
76721
48254
4259
42390
83298
68804
76214
17962
28581
37220
61527
52757
67494
28482
25611
67418
67377
80794
8483
52970
6641
951
33456
10753
26765
75705
23539
1478
62486
46766
68707
28921
33300
3630
72797
32474
29849
62137
22238
72390
15486
60444
83685
17874
78421
22102
77602
8494
95270
49276
61350
54839
90251
88566
57062
5479
8932
89598
85149
75477
50883
8976
11706
40982
74188
10638
89859
44611
70653
45575
5346
19411
6724
38397
29576
94239
39504
2567
30651
77252
29452
13180
55182
27526
52853
5843
54082
73314
29575
62165
83341
68930
1754
53229
41704
46929
58640
84175
48245
83578
16252
97392
75768
62278
7189
64661
41905
51060
25294
74356
57721
33041
67430
97118
1478
70378
69068
97550
76206
97640
37455
8503
35143
61796
18725
67129
87740
38725
37488
70553
54769
36835
56776
86198
13718
55640
33956
9135
98663
11690
62415
80067
94366
97995
93566
3049
2595
74682
26732
38138
78953
60652
88405
31501
94283
61024
75904
53011
20064
26199
52547
46809
39105
68478
71043
18016
96811
56884
68500
56937
12225
89117
58361
7641
71739
42510
28492
21472
87633
35658
85018
41390
35641
17419
70925
47004
6374
27232
75857
80965
58322
6247
97207
12471
67796
32958
99661
99724
13518
38961
71116
76896
86105
73671
22270
77181
7923
81992
48141
21361
32067
54876
40792
34367
36234
2653
98796
74864
73661
5811
38568
69389
48481
83423
40200
14394
89780
58254
12293
10131
68657
83279
48306
27200
44613
43732
20851
58366
70488
55299
99770
24006
35082
31762
65310
32953
81024
92370
34031
10405
49388
6980
54318
74784
75950
66516
9944
77691
51166
32556
89530
32461
36610
14506
81923
27457
23004
60973
5369
48548
49502
90633
99009
273
28223
55827
6596
15366
60830
1688
8776
73294
44074
41429
29575
9624
36939
59037
46289
94200
12934
373
16496
56126
129
41664
32948
43052
47551
58102
87505
69476
4358
9549
30566
63868
32878
6820
86057
22658
37551
88549
17253
3751
2521
79278
43690
35682
80679
26565
31878
7621
18086
99437
16599
28493
21103
16466
76734
21482
99274
7421
43950
67374
67863
52909
59335
54049
30334
14026
16684
35518
86180
22717
3326
65645
11708
60148
59829
71872
39522
57353
90142
43829
31976
36297
5681
15033
52401
32779
15505
85598
15
25151
53105
61496
45269
82260
58557
11658
66442
18219
74770
97303
8587
85920
39473
39502
32750
57574
14573
43663
8689
71382
60567
55894
79346
43015
19167
93050
67442
15939
28306
10664
90295
86077
61738
63676
99357
5094
22576
61319
24201
14753
87171
71234
9357
2656
23317
82588
71506
91387
95631
50630
66803
606
93022
56559
97085
49247
98793
9285
38241
24577
42721
59983
87679
74971
2439
2378
78157
8523
64734
33882
64969
92435
88890
34520
19785
7965
70692
4319
50868
84887
99640
8055
24038
4854
39578
3879
13243
54671
93611
42097
45960
15539
11773
95459
82216
60050
17235
39608
6240
68356
40816
77140
37279
69329
20123
77027
77908
22926
97429
42565
28099
88400
54926
79577
60425
80258
35904
40750
42279
98463
88380
34961
27386
91283
14751
77306
55590
83983
85037
16284
33162
67125
95643
94507
30263
78498
23034
85044
47459
31893
7894
49834
86349
9787
59107
40404
16342
66055
33549
23835
11189
99124
65534
48090
48438
62502
54360
45713
80294
88063
77166
68833
31405
8618
68063
44898
64508
84264
48255
73749
51127
17895
23005
58092
85953
26862
72148
2061
62959
5139
89534
63413
90931
82762
46586
67367
41477
7791
68950
86281
11822
31532
9983
13802
51775
59184
58904
67144
48226
72812
62047
76234
58973
90076
40767
77221
30827
28075
83761
27540
95593
65265
75518
18610
35790
13140
59698
6967
27622
95317
82260
57975
77639
7241
63518
55795
8210
9817
89352
10374
94316
66737
94604
98667
23385
35127
3768
23168
66029
58139
83348
1403
56046
63742
26246
18639
59194
89555
41862
32202
45252
55035
91353
25335
71911
9530
2539
43688
28252
25747
62534
40429
89242
58806
44130
37544
77755
87088
69584
11642
58062
77892
1422
28072
13661
97620
6092
23805
5998
49825
44797
88303
85024
35936
16323
34125
37795
67050
46670
20774
41210
57663
7055
78658
21305
22918
39578
86494
93613
11277
73085
77559
6513
63932
44471
57212
13090
64781
94782
43533
81372
16206
86158
10431
32382
40481
79235
70235
3765
98720
7460
17553
34796
60624
79894
94740
39594
65496
85954
16958
70148
50347
69216
47074
8890
59676
88640
50684
35887
15416
80611
79827
33388
66769
78804
43937
95289
84912
4997
59461
9290
68197
690
49082
7385
36985
56428
41265
80918
69763
93385
4125
95055
11045
16993
41789
7876
61084
32821
39263
70305
7508
41975
28374
85642
92544
72417
38360
23528
61155
29725
68127
35722
1503
89952
12006
61173
65608
63275
93182
4508
78969
93109
82151
57372
372
21866
56639
85424
77197
82071
98289
75472
32745
32397
18828
19493
55197
38118
88791
10748
13257
42823
81317
14243
20515
85423
10096
51451
26040
41022
14432
25157
76251
93087
69161
73834
19687
70753
82836
1298
2471
31190
96787
61518
36844
90431
95850
95076
86770
28894
2858
96347
24650
1692
89814
57017
39428
40983
21928
46291
66056
52061
28808
70573
5117
90967
2041
78681
2864
70829
57407
14845
19442
83130
12082
82415
95685
40786
89
59382
40546
43682
68301
19004
16201
50389
14249
82829
23054
41702
30838
84421
38025
72566
13519
12760
56634
76235
14522
32496
85884
61938
30836
97595
64623
80926
82977
77341
42457
34828
916
59043
3410
73726
6680
22064
58470
7065
17127
81887
54499
31961
56960
54027
71027
39684
24746
1363
24327
70355
25858
37055
59632
49308
53531
29651
12526
58553
93425
45985
1942
4220
63052
66819
1571
56348
93548
94932
53189
65585
83369
90429
40450
11438
59758
55819
39662
82698
22927
32060
87997
60945
67482
16155
1818
93132
85228
44035
36166
67461
65792
49860
86742
59141
3098
93210
28555
23577
637
89319
87858
52944
43429
62695
71328
56245
85782
17683
47336
79460
82204
59994
34221
49269
42158
2975
72192
4369
53961
66162
745
16512
48881
2820
62390
17844
6048
65836
44146
5353
11960
67895
73114
88264
87770
14509
44450
63498
11914
85808
20907
98003
49147
14057
30141
85765
24704
77789
6437
25483
26213
71846
14663
40500
73503
79933
26180
42673
17258
54334
74260
81807
5711
9316
49398
6674
9543
63961
31833
17552
99755
4757
96130
78816
56105
19342
16018
12525
86162
79782
82219
2929
18428
74762
5072
43250
18295
64137
15698
96903
74937
88728
91844
13142
69753
63516
60583
58909
54942
40651
34773
84072
70479
84081
91090
6686
55799
79560
22045
24042
63152
83277
80161
91506
62220
68346
26217
78317
91121
9988
35456
70476
3391
83616
39545
99613
22580
86095
54991
32142
25784
58556
35945
28601
52540
7764
14195
13572
39422
67950
65620
93859
38568
92238
75444
88519
84877
83821
87486
55192
25219
56239
84201
66037
46415
5819
59265
29055
26808
12693
79572
62915
43581
96275
25113
28012
85399
38548
47644
97635
38541
97967
25171
44921
51980
41062
21340
63030
4394
28856
47880
88388
70318
70087
80639
37780
94427
30500
85258
87375
21008
1031
1858
24160
26339
26300
4453
90511
57217
93077
35054
37273
54781
75498
75633
62576
78214
19284
40918
35843
66144
92677
94797
90493
2620
55178
8472
98933
44152
16760
78698
66215
77650
37488
45667
36215
69177
68043
69765
97909
64136
19853
42358
34404
48402
51155
77969
46151
52413
72296
22193
91626
59030
31693
896
35762
70115
71815
31077
49729
71730
6098
67141
98273
76264
2338
31469
43423
44134
27034
51085
95868
17963
85424
46553
48903
49029
41638
84746
67237
27233
55862
16542
55393
39796
94065
35117
71171
13274
41180
770
79454
70224
77877
66016
46983
46508
67299
98625
65268
54754
53628
92489
33868
36953
55389
32685
21772
94090
1806
4653
7174
30506
18228
18031
48277
25199
97622
46267
92382
32419
78684
64219
99305
29471
2101
32285
76879
25972
85406
66032
52207
90134
98264
73598
2532
44027
4808
92807
52956
57147
10946
79727
22103
6683
79523
21132
15441
6928
26221
78762
76930
70165
36318
90952
63346
20699
51969
6118
64721
16975
56877
94070
2022
68283
64651
80668
72242
11342
99353
44128
9862
32959
39834
33762
39794
29121
88700
15587
57394
47439
51360
69921
35382
8326
14917
72489
20563
94855
5498
67819
51211
3783
19245
14014
60538
73374
79047
87585
56361
46426
36097
72975
34875
14788
16875
84434
18886
17360
45162
56397
22198
6426
93406
7261
51809
10611
38360
58415
92569
83359
10818
57517
35114
21847
44418
68638
61560
64477
20622
96717
70446
7908
9130
55409
88813
54414
62429
54353
42343
97754
9753
91853
28460
91694
11653
13943
92533
94500
9814
22585
80852
61079
31180
18395
58687
7851
38743
17673
198
79515
42827
60753
54055
36845
45306
45639
20997
77789
31061
5309
4029
52931
23494
95658
47828
24036
62980
81642
2066
23786
97723
97745
91050
39120
10037
57918
60504
81625
29807
72786
26887
77258
48507
86452
79349
5490
4859
8402
30328
71869
95142
84288
14077
32634
58268
85132
43045
18806
45857
49627
36446
86671
56605
67174
24794
50558
35861
67946
92722
58541
66764
99126
85402
9706
13717
8893
33980
17587
57345
40836
91674
92739
652
54622
17628
27239
6295
19754
39945
83281
7149
15355
21505
96712
70417
25543
79200
54155
29431
66771
77982
97576
94869
79557
76999
89767
16025
85475
98092
51140
86355
73937
49572
74527
74497
34050
1930
91214
74811
94754
81599
22621
42647
63600
47513
78785
63831
65869
80222
18664
71097
50037
74957
21296
17353
84580
73920
92485
64506
69296
29441
8861
33671
34088
32308
24705
64575
58991
83934
56985
48146
75757
98526
16362
18160
53572
6126
76312
78368
47084
70710
66538
39858
94619
29196
6899
84861
92626
86313
71886
90108
74100
72404
51891
52484
55795
24951
87753
53602
3869
92347
60138
62130
80593
56564
69112
1086
50035
94519
75698
48183
72960
87020
87702
83213
96655
61137
37207
64610
38028
89578
71892
39045
98321
8789
75946
5266
38424
9324
18332
21251
52829
96282
74111
68067
87211
60309
59808
97576
43755
94283
23746
38105
66340
37387
77236
13195
39016
4728
98309
40171
81011
76876
91604
92163
59484
1311
27403
21200
21686
7603
16523
29079
8145
7082
87337
48719
89824
38509
39838
49203
66011
24761
14035
84752
17519
97278
35036
42187
1663
47307
70357
32651
91780
78592
85661
45529
47348
79885
50332
48784
58916
89121
25745
19082
23886
34561
14829
24252
19414
48657
63318
74762
97261
98939
55920
91324
30516
76235
52532
64259
37310
38361
77519
39806
10260
75780
23338
44667
47036
68200
45273
76566
78761
77575
3058
87405
21390
82878
50892
8303
46810
68256
73052
38502
52897
33932
48977
69589
49233
7555
40103
30979
48308
79938
34942
21016
81499
44465
22942
35880
54961
57052
33729
21569
9805
37975
40650
84423
10258
59987
69731
97711
86195
13237
20714
23843
22376
34517
3813
34629
96041
47565
84695
85534
22959
55322
85102
9491
16457
51609
43310
57114
14657
83954
61356
76956
76630
6593
14688
62627
12040
15524
94736
83710
17562
77355
51896
98548
25021
34526
60424
15069
60984
2364
70849
32726
94066
87207
27675
14964
10536
26837
63631
30975
70173
98917
94100
621
98242
29252
21492
7187
45198
62378
90724
31371
9231
59344
9150
29871
49797
77820
79778
82480
7658
38655
4794
46952
60932
47453
39500
2898
41349
90149
86458
90976
24774
90207
64479
7052
5112
20704
74728
60480
36152
78326
16995
24827
47301
5684
48647
21513
33668
6638
21554
23788
70356
22417
68348
21511
1662
5666
60640
51536
36068
88180
72243
80415
35809
6055
37531
49292
58695
7537
36138
91189
40289
8989
71849
37939
35687
56792
30021
66099
39636
85782
80999
67642
54378
12167
82540
449
40298
70172
34875
86541
66999
22561
89789
54613
65216
44806
16904
34563
12169
17867
79602
87650
54988
62126
23412
13987
76949
57245
9934
28107
89701
92566
25981
8522
58257
41524
41046
55578
1591
36661
64419
99547
7849
5760
25134
84577
62262
15828
48980
465
76710
91660
75543
26957
71158
77801
30506
34753
18430
30274
45895
81789
36906
69655
16808
89725
39591
55886
71311
85310
88895
92244
50109
47225
10758
25367
83334
91084
97195
12711
36440
90727
61765
68625
95183
83284
99796
99746
48864
80282
68219
29612
10177
87964
87593
9428
3296
79784
53174
48797
25912
813
14644
69893
53263
73087
40678
91455
4050
8982
84541
82490
60829
70056
11869
73997
77286
20264
72288
73582
32734
94983
39685
46488
79747
16397
79498
69561
90552
17008
61220
63704
37812
62955
10448
52266
31281
46513
77995
30003
33743
18978
52502
84621
35379
70967
16438
63471
20273
87402
83924
89440
57568
69346
17301
55245
60368
24159
24875
31692
72213
15289
77011
11853
76170
16956
18732
70698
66360
3250
73905
24721
87597
39999
32389
41370
63130
97556
89274
94244
37084
35215
69228
74035
39892
13767
28710
18152
39723
9390
42882
75211
72352
18141
66505
28257
70929
88613
13304
44249
86371
86244
6119
41666
19378
92237
32245
63298
95644
61897
51952
21772
71057
9628
44811
78009
39740
90082
36049
12665
59294
74597
37943
73220
7323
54426
58626
11452
82761
26409
7025
53795
23371
12000
83023
12705
68150
6785
78139
88080
566
17999
68529
72956
50293
7976
4730
55199
11534
69496
91324
91169
47752
22230
74786
56052
7365
98329
48737
77298
58505
64743
72425
99374
88071
50980
46785
64602
53888
37957
59761
6578
22691
99347
89662
52603
59808
81248
14966
49748
97971
20748
85238
63589
43056
3636
79926
71333
11237
5394
58384
28587
95713
97348
10312
72438
51430
75457
12745
71431
88077
73589
92219
81460
43914
65730
25490
57349
1809
22184
53106
9911
2551
25093
4562
6719
69522
38593
24833
43914
1483
22384
45512
27024
39096
36217
90292
13379
1765
48605
77449
52709
78390
32401
16618
60326
52493
47100
19497
88023
91415
6635
9328
70811
45917
34120
14426
60061
24934
49553
97329
64823
21406
22798
16389
80547
30874
3100
98868
28400
96906
19151
17298
59344
68217
26550
11132
13433
25196
47229
72011
34140
54844
53501
15740
7697
44378
43567
9537
54519
39460
63047
78355
24863
91075
9702
59725
68531
75464
38441
72112
44492
46197
86283
20226
28821
59753
69037
74996
71163
26726
33466
79842
60067
90110
142
91179
23215
71854
95179
5846
82316
26069
30872
86564
2696
60754
33264
23097
73821
37691
72622
94492
27384
10779
67132
26068
71387
21733
83668
73773
19109
38026
62264
30060
3105
82920
16903
56496
72755
58219
84250
94181
18700
25469
93808
60244
11337
17691
46586
20042
87122
77163
86090
71520
80175
18668
88791
81871
55224
90606
10336
62645
17335
7722
75615
91676
80986
23467
4233
47016
23497
30683
53968
20936
11908
31875
52820
54491
72906
58637
31713
75957
32907
8701
4258
95251
59011
60921
43659
1019
76839
32130
96441
58137
86192
92696
24745
19071
3270
69769
69295
76699
81936
28204
27170
65081
43473
1900
27206
30640
85841
27986
65524
99071
59701
75389
96133
98389
80490
9479
87683
92176
22524
55137
26735
88234
55092
14050
73499
56045
37979
30754
54096
46403
83771
97481
95721
30639
59514
51886
87931
11371
68563
29443
71477
43786
21002
42903
89589
39433
39038
96680
4977
25831
32521
14341
58793
15809
55035
50325
36333
99224
72913
86844
37628
66014
54615
83138
93464
67689
54299
20886
98370
22390
89144
18341
11786
98828
25042
27429
49721
28137
96978
70847
36491
21729
74413
60366
38671
69563
85933
83241
86481
85465
53327
1229
44092
61905
85124
65313
34996
96920
75404
41378
2960
42385
34688
79887