11198
1768
64782
83838
95020
95510
66238
20551
57247
53420
42402
87179
48353
97233
93162
2481
72198
10437
32541
52285
67948
93691
77864
95967
94909
51023
72192
50483
27041
76101
81809
94544
51686
67913
14048
18761
98906
87763
54938
20430
45242
38768
28903
2714
40984
35819
87263
58558
40058
88165
72123
19466
22510
42886
35644
97255
36053
17704
81301
48335
54722
45649
89224
31187
20862
34068
72199
96784
1107
1642
43902
46132
39522
75455
66390
41762
20785
64207
91443
81886
19701
56882
20365
11673
73509
51119
92164
3811
52564
40981
21944
11308
48892
63959
1677
14623
17646
9576
51709
73321
71979
43895
27033
19495
55092
76064
99077
12803
67097
28777
30191
30123
54980
58729
39011
15156
10972
45893
92378
66520
36740
26309
66830
3880
93127
13718
39816
16777
52369
23338
29791
83537
95244
36069
76484
71499
55644
53257
74782
3759
82940
58548
52929
99936
91614
88680
29864
4668
59592
13139
69680
39279
26436
9797
96786
16046
80143
38965
14733
95288
36354
79847
26784
616
71385
39785
58521
20210
98660
19158
33307
33847
61410
73741
74241
85434
27474
9395
86996
99915
4339
20146
31829
55828
76828
99720
8468
80818
57779
89904
62944
88008
10119
94477
7505
86544
91890
66408
16615
24603
64706
93235
94029
65493
10579
70746
44624
93587
70362
29048
24622
63967
13794
73302
13590
48488
26004
93654
22594
29692
67347
47359
94490
40492
32557
7213
97009
87622
66339
8137
25908
68749
85632
27820
55690
69238
88254
12577
2319
49795
29367
43100
6627
97383
36862
67137
1659
17935
33260
53115
26620
23748
21131
88812
17827
82109
23164
24010
50313
13595
46816
57029
44392
26118
36153
51584
26751
77865
62382
52705
68313
24430
64445
86144
93078
37630
71375
69584
25468
78209
33548
21718
64741
60454
55989
98140
33833
70117
67530
806
58496
56916
28982
5128
58453
26968
21856
27612
55591
41048
93083
11677
84595
65679
58437
32200
19982
26029
61937
43017
9796
47367
60669
70496
40065
84929
1157
93673
79425
42687
21846
34632
43909
9060
14463
81676
35276
13664
62725
15468
97935
38979
23891
35140
68112
93617
88452
75137
54887
98715
68809
85031
62545
84455
6237
17939
89840
22298
62502
31958
89889
81625
95316
50381
70439
13163
49301
35809
39955
35433
74443
52629
78791
96473
50761
95935
35971
43025
61512
24431
60736
1861
19097
15431
20687
53380
27648
72451
81621
24390
11585
15050
87219
56268
56058
46881
73337
9498
54080
47820
38399
37009
3166
85013
37402
52591
57301
13701
96780
41623
43574
61378
30732
68363
76005
87417
52389
15076
2361
48932
90488
38574
19339
73160
12325
1962
70945
15730
75772
38386
12010
80517
52047
86468
801
49862
93581
66738
95453
81212
31350
86238
69881
61174
31431
27506
91963
88773
39291
5812
4321
8875
49507
32484
69033
84572
64798
56101
37930
17889
50048
37985
48032
27006
46017
30823
14572
68089
76698
81552
68952
15955
75709
14840
85100
14038
62531
64902
67405
15395
66315
37149
6652
10658
18303
15035
82209
67534
92229
21233
43482
23135
30557
39639
12391
33492
13726
82352
12626
46458
36016
26941
64396
89229
2501
92491
97383
3948
71654
26080
17668
27065
3640
42356
94482
77102
90912
96600
22687
30765
98838
49879
7831
72416
79149
37724
70203
41904
61842
85875
33834
73921
28104
96556
52587
81150
31931
1124
9107
83344
40514
460
23990
95543
63915
85784
70395
65307
21814
38960
42257
49979
94991
4355
84015
73420
66266
19249
61239
48553
86391
54012
73828
81083
95045
98508
62492
20442
13062
49
7961
82861
67737
77239
24888
22953
40508
58978
42079
93680
16573
10767
3153
12679
16132
42122
34927
73882
14747
5396
2886
33166
33952
91810
87961
52426
60558
92418
85393
15997
42238
5110
73240
17662
33400
94649
59667
18686
8338
68508
4635
22902
12124
41604
54994
41794
65362
75283
53052
99482
25327
58111
19119
7105
11922
83926
10399
8453
2712
21687
33778
32594
84107
22069
21122
88158
48951
39487
27597
82058
5775
18953
4607
97706
16647
29973
94753
99002
8214
60384
62350
68366
5820
87422
89985
63681
44413
20868
43357
84557
62156
31748
42780
63519
52761
68047
32931
54043
22591
59702
43551
11467
79671
64200
22050
82260
38083
61577
82975
21869
24339
43780
11488
91884
3538
96311
42876
6459
74726
42062
8466
43290
87518
2270
10429
25680
73767
19197
14133
82003
69196
46469
8336
44145
49898
58544
62830
82945
61
65675
25266
81516
61826
44663
94039
83374
68570
94201
27633
14079
63101
97524
47308
91066
35988
33409
51670
33253
77261
60086
68563
27158
70642
52932
26465
4738
63162
87322
29860
71936
22512
52563
35615
22353
6628
49215
53136
35196
49335
83662
96012
13764
82881
80347
64758
52119
4343
94749
9435
20467
78374
70004
1630
77806
20105
40651
80061
99783
67073
19292
89871
55395
58868
9692
53009
75277
31460
15903
91342
35018
33661
35849
56843
25559
70914
4497
93008
3269
6616
3886
4276
3419
59810
90751
72505
7356
78601
80142
72267
6359
62096
64990
53706
21288
32044
94662
57258
35842
17324
93940
47803
48122
97451
85534
82159
98064
5657
25203
50195
63033
1459
14467
31792
39947
2693
70215
18905
14002
57864
29514
78054
30121
77069
49282
24549
38987
84488
12164
7972
85134
15706
22142
68468
66859
53453
37190
55001
16521
32328
55100
52343
3424
49255
60658
43920
97908
69004
98251
70253
38079
37465
31311
61166
29630
28706
25166
55455
44502
82534
16230
40992
43911
45373
27805
66473
98726
5558
20042
768
26541
1009
59742
76056
84941
97186
48235
9399
10554
91610
28702
48870
71854
66695
56312
89221
64156
38202
47994
24622
40415
4402
6627
15063
65541
12859
25555
71565
4466
63145
28580
43727
47187
69072
13633
37002
32753
36030
11964
43652
16220
30536
81161
1802
60278
40843
33580
39209
32880
23220
70661
24561
79035
12410
91919
85932
98285
53260
21994
88264
39607
2031
82105
19291
60359
46500
50459
94030
97543
47624
39059
74051
74653
16618
35427
70031
13600
95490
64165
8378
92528
14465
98581
81364
73520
3608
92579
8985
91506
54291
60409
5006
83252
73847
4937
26469
43901
97069
30607
86322
20687
91581
9266
70104
42606
73806
85539
89034
82090
89121
57575
56084
10986
92283
39899
79633
32405
16239
31658
44489
86702
65957
609
76773
72395
25553
18870
28698
25228
5021
5625
98863
7363
19756
70276
23698
33424
29439
38402
60141
94959
25833
95700
56583
20838
40503
6788
53064
83916
32144
82650
25230
66157
12721
19930
81167
99007
44219
24103
8391
2677
76747
73678
98712
28247
1777
85405
50170
24074
61974
60573
17407
24930
97929
36589
87054
78620
87474
25207
18131
31520
89139
27174
80302
43263
35533
46373
54197
70891
97312
60637
27447
78007
75395
30053
2056
81371
53091
6724
48161
54037
30371
7157
23857
38
10204
94189
32236
79518
48244
59378
50757
67040
95759
19438
69035
52465
43540
829
57485
3685
39272
79751
22836
90179
7349
21689
99347
18921
15809
15543
4264
3760
23061
35429
97691
79084
12910
9333
65403
3864
2135
70772
8613
18270
392
68776
34838
21744
98045
40338
46967
51941
12265
3868
95044
43879
28473
60716
26505
16745
3236
329
21401
78442
79442
83150
454
88900
67292
63001
82027
76197
87263
36945
60157
67406
2319
93050
73586
69401
25263
69123
88267
27529
63135
5306
68413
57887
9958
31309
97946
36192
75354
51231
36774
24630
15344
56126
70469
91386
77051
91122
21913
39625
12822
58673
75501
77454
79436
49063
64652
89468
88033
29560
85223
76421
89941
60688
25188
25101
62329
16171
39990
90286
44613
87252
5983
4900
19130
9349
21163
20984
46486
28227
10965
34451
4637
85887
69386
45681
92647
36232
35813
74166
16870
50551
3353
84595
70557
64510
54250
99183
12563
33250
82186
25641
23984
78508
55013
72411
85464
14371
32904
52028
13010
93164
17015
29342
44388
39532
14423
85927
3370
17522
35934
78800
2170
6135
41150
31723
91746
43972
84476
79735
79378
62921
40426
58679
81999
549
13654
99380
83572
84597
62853
57476
41979
93822
79058
24907
43134
50035
7503
19236
43551
52644
56356
22389
31854
86182
94684
26584
80621
83415
46211
46848
93879
77060
99801
56753
3301
87952
91276
2042
35372
35929
81030
41489
72991
12779
48374
85355
25403
7407
69664
92605
53180
55833
59787
21980
74251
74028
93470
91012
14064
98664
31094
98678
23673
49900
53226
89051
43137
43149
37446
33243
97777
86575
40855
44108
32221
51284
42669
86477
53684
35611
8846
98613
15650
37657
88778
2851
65636
68033
14419
19662
57543
37339
73573
31932
83992
19102
16617
25172
84236
21603
34322
30759
79333
65677
41560
85095
82856
62988
69158
5299
20760
14436
77936
74529
32493
50319
43616
51028
81203
88351
39891
51617
37557
27241
92356
5687
26414
72422
78522
28588
77684
37823
36262
33113
79252
45649
12773
69208
20892
46529
79861
97251
83019
43749
22885
46949
73536
33024
59621
52161
65739
91864
45584
51167
90051
32908
34762
59446
70002
36614
86092
55211
70524
61400
54009
54456
25554
30042
83386
51813
91524
69711
73435
88385
73772
32693
72675
28203
11361
63960
13884
32265
24856
2770
41296
5011
41094
6011
84257
53629
40629
46760
77352
85869
82880
17122
87759
11281
87924
98722
51455
43458
25005
97014
60979
64071
36365
53167
41914
13172
69954
36145
40786
42186
36389
73258
20102
61030
60525
18469
62447
78109
28527
9306
92624
13808
59266
83431
37743
91126
43740
40785
56569
13224
95252
8103
66671
34562
44885
47751
42777
35534
52267
60412
60844
75632
12640
68509
31077
44679
99164
7815
66506
39267
95230
31100
25363
83273
19103
57929
36115
2884
45240
73703
85454
56400
47082
55653
99703
36315
25165
81870
99113
58575
73047
42826
61962
18393
32322
4920
74466
79662
15202
6449
14507
48686
53414
68765
52153
9217
97945
48205
86826
10495
11088
88699
4995
92107
43073
38329
5256
56117
86077
39616
21568
94500
47987
83913
45822
72125
31546
98438
6822
74186
18472
82930
18473
25920
14594
10156
10749
74292
43331
70927
78572
43890
48181
64688
31039
79018
26078
9416
47601
77648
72876
42892
20563
57220
12088
82270
34334
81014
38491
84877
55793
39615
93240
79469
19093
41120
86324
22443
12381
1083
36496
84835
74265
76286
89436
45025
35966
56070
85673
35785
30488
32351
17369
16744
5639
26554
13294
71959
23681
30390
59719
93252
26333
34655
43438
7464
61151
50511
25348
76996
28123
66471
10165
39344
19135
82200
10748
44669
66739
7159
46996
45879
20197
3977
91336
52664
78990
65814
50501
29140
8825
46763
4269
73303
617
22920
44050
42359
81501
51475
31826
57779
10582
84423
96692
3596
42063
99874
40796
94518
9956
77124
88050
30068
88114
40506
74931
30671
26665
53419
40593
18702
34745
87484
95335
14155
59690
28105
45239
60172
86982
48183
48608
45701
27028
21886
54589
2144
97991
73862
38210
34176
58996
24395
48253
33
75057
36809
88154
96278
85578
45281
96616
45084
6134
54881
58403
21034
28995
51210
22584
45750
22077
33165
22480
32301
7041
4542
85104
23650
88417
84579
17343
82972
94307
69021
4044
36339
438
54900
10955
88671
15184
5927
77095
82205
11452
79870
80223
45912
32322
21205
81969
35792
77677
9192
46903
41161
1549
28050
64160
7202
77609
99993
34114
94289
86914
80378
1368
74468
46601
74400
31043
49828
79324
5432
85408
16700
61881
35618
28162
86806
27545
97676
43299
21615
10784
69371
96589
28053
94708
87741
61888
82823
66524
68901
59898
6198
62972
89743
71047
93137
27596
75032
96909
23705
81489
29645
11630
57637
80736
91878
59268
77327
87983
85504
23258
9512
5641
40187
46006
15545
35007
81258
86524
91243
61872
30696
49938
10561
57554
41523
71875
98682
42111
90140
99144
63999
79671
15966
48985
31340
84624
93149
29900
49289
65002
85610
25568
21128
91682
68131
49144
13394
81938
63216
94718
19968
18555
39384
62841
13015
74769
98292
80736
50261
31000
97024
43845
8419
42674
72497
30328
72527
12496
20386
79469
87596
82771
55627
11098
36857
68140
27723
86184
94070
95504
94219
12496
54618
63106
40108
92005
43456
60546
5663
42823
32974
95595
79654
43863
13039
52146
20175
74984
24404
83107
52275
20782
57221
39582
30993
36820
61299
30877
37086
22871
91481
70346
53842
19550
57969
76317
67140
94617
32068
49978
54499
37136
50532
94444
47697
62228
53027
91273
6633
46446
3393
53471
17367
314
66940
37547
75474
18566
2932
20447
63419
26275
76039
97215
76395
46829
52398
26049
99521
51273
33761
1006
57848
9140
43214
68750
44871
79026
70889
47395
6034
46916
29188
18281
98021
21100
29774
61925
66037
64794
95520
82588
83938
33491
23247
83166
83201
61347
56243
3024
57709
15128
87882
59952
64603
17174
99833
69308
41292
73346
85623
48994
73771
23601
7437
98058
98207
7716
19034
82196
8078
31147
73533
69442
15135
34736
37355
32859
39908
73229
37504
12271
75513
10464
13178
90608
62507
92525
9671
97074
73757
13059
3219
11814
86687
70538
45367
60574
38218
80063
33903
20208
52413
9574
15662
45498
76261
17879
81586
1494
29498
57739
43044
9785
21643
28345
67717
5770
94882
40992
91264
99243
51507
93099
81983
64289
73939
2817
17623
44797
53395
60853
39690
39001
46177
19122
65687
51938
18506
28099
69338
781
857
54830
48096
88930
74466
21890
62051
46302
14347
88289
89450
3426
24024
93679
36505
34638
14743
5329
93760
87376
10570
76551
87965
22343
99384
3254
96092
54102
1567
74504
51086
50854
67951
53880
89191
39792
48743
48355
86153
46799
84071
70701
46510
67795
58251
51473
61660
96268
79389
5927
80747
50124
93889
49014
15851
85443
1760
28331
24714
74708
68814
46651
84251
4608
79831
32700
54429
55816
8
38276
65754
91049
91485
91253
3011
79648
23061
12669
66709
21108
55830
4320
3771
75272
79099
13002
98041
25763
34412
93646
39428
89947
29863
20763
1210
26897
92733
40507
5907
44984
25966
47670
73301
53500
39525
81622
55190
40037
1059
69659
23998
62322
37782
16181
98241
4693
86120
90962
85940
71879
23749
69205
87212
35067
66870
3583
70273
564
3244
77540
47177
82159
8168
93372
60064
28969
46623
67965
73778
32348
72075
22199
90555
26095
53612
37712
45758
81569
7808
47600
51911
49524
81533
53524
55177
82394
19002
30614
45450
34896
67181
10239
20396
69570
54502
50168
25533
83776
35776
1230
97037
12429
92534
45788
36578
48778
94741
14842
1523
32065
32780
10946
79946
43242
85906
51185
32936
35126
54834
64428
72117
14154
31873
61501
10785
48851
40334
73921
42632
28004
77652
30930
22402
16290
93454
78328
70441
41676
16239
90772
86753
10661
44474
97114
34729
70406
69664
45113
77490
97711
62520
59134
29361
4787
13519
81800
83782
50924
30558
92565
59622
71898
13567
47506
55646
3822
29640
88627
47473
86479
3126
75920
37945
25849
32298
5500
60342
90834
81887
46005
97694
90667
23404
85800
9970
10903
78214
79858
88210
87060
58160
7613
62624
11390
48411
23507
11282
86788
18892
401
17600
44693
90792
65669
64560
69506
91767
90576
97465
81029
7728
11662
31440
18197
17350
84345
30754
21039
96507
8837
6082
15341
15643
78764
26295
35131
18277
70655
55016
92439
68716
64182
10149
29589
62792
72370
32586
20672
63112
56128
53811
4139
31018
30982
91705
90994
68472
31952
75675
17794
98509
87750
14078
15932
42879
20851
34455
1479
73957
82184
52271
34407
90212
55139
16674
68934
20821
9559
42930
25781
28415
12629
36069
86501
5170
37665
65185
51198
56297
26771
61384
3914
21513
5009
47789
64290
11818
49095
75065
29612
97336
27042
31178
23829
7240
55394
11792
49624
55671
90776
48279
45164
10282
98612
72443
14832
84928
96106
62316
8284
28057
24440
51362
80005
32903
2198
50542
71790
15671
93387
74491
60322
72291
25744
82891
44224
55084
87052
13582
23864
33420
53632
95988
21789
30205
29426
21916
88827
72086
81611
32128
23090
49833
12563
80024
26151
94285
40998
46807
29038
62306
53569
90491
52602
36769
34839
69559
80209
43397
98172
45511
52821
47043
59475
80954
97028
16752
94299
66738
34807
11480
68233
60701
35775
17564
2817
86590
43864
71862
134
32973
99698
36348
24051
80006
58084
36897
82649
15416
87785
77084
41361
95395
13356
98803
17127
82948
12570
87966
53702
40959
36298
25180
18663
43043
880
59886
41006
75713
11837
82728
15989
91495
79074
70880
93912
98093
17653
14476
97796
11218
24960
63069
65537
77961
61721
40535
59486
86957
82627
96667
99329
9177
59855
83998
34901
6888
33850
55956
30763
24871
40219
58302
49663
51625
88528
5992
28247
83756
62567
25043
45301
41160
41835
84541
69690
51058
48627
65882
53926
18371
99313
56259
54929
52660
14008
24303
62342
60030
23254
65356
9723
17207
38611
24972
5313
37141
5710
55232
40025
22401
20282
11063
81210
82800
34403
98503
55276
58692
35958
51239
50727
78568
76784
38507
59667
19142
46876
20216
10297
96169
97103
40667
149
82892
44400
661
41551
58185
49928
64917
76750
37767
40481
53147
97011
81505
22767
66920
77713
78241
62560
25293
83012
85549
16957
31324
18632
76595
75655
87500
62044
62090
57578
53073
36695
51215
14576
56733
2509
50745
15768
10730
64056
45287
45001
28211
49892
12231
51316
35165
49320
79781
9921
16651
38120
14207
88256
4659
34320
87198
92911
70438
49299
33015
84183
55618
95137
71848
19493
72362
60992
97267
47818
27815
76904
28915
64149
80461
54768
45528
27777
45651
72217
96060
21214
37373
58060
68597
63151
69570
10774
74428
58513
1306
58082
44533
57159
33182
4080
60164
90983
55856
70953
5600
13731
25523
99783
56062
95261
17780
75287
26497
95290
8788
50587
25722
48607
10757
85875
90318
9646
9891
25677
42268
28287
6707
97599
66282
72513
3741
61104
46277
14678
56049
93127
44379
20839
37375
80911
39385
684
12559
41564
41523
90793
15404
17995
36953
26581
77746
61171
92362
42024
21309
24719
83423
46206
37331
57989
27043
48216
43887
86112
39836
93561
59958
58411
97004
57729
16818
38082
83288
66595
36014
98778
11969
66590
37189
82038
25949
88135
39792
91168
69352
38615
15914
82570
6598
14364
23832
60022
94554
47963
78431
37791
92239
96416
76956
24050
69561
22844
1854
78661
64695
24377
9039
44400
29052
25201
78766
73445
53384
6239
66350
99822
34394
63639
22132
34564
86096
77094
450
9617
60685
56457
14456
20033
7857
56273
27345
23501
72177
86793
47843
88300
61714
27467
94557
615
17477
24086
96762
30280
63572
35610
31300
85344
98268
67346
66618
37984
35930
91991
24266
81202
67605
12833
83204
11767
13727
70976
69894
38107
55756
45412
17813
1738
47996
62909
50060
88056
92272
88812
5833
97606
42104
18486
8347
2398
80856
55548
10751
434
36378
89147
14311
53050
59816
15977
91557
86609
13479
78892
98905
55919
18498
51095
40359
94927
64912
53714
34855
14998
62288
77757
19139
23080
5781
60380
14789
92456
77703
79354
55908
91565
73124
70815
43327
12978
5216
49955
35434
75821
90242
96713
17093
26678
9000
82925
50627
98235
52499
43115
22181
59765
63654
72427
23567
48549
76228
81646
31901
27059
34084
197
85470
50813
7732
89226
67404
59318
64803
55167
67204
7239
47751
78904
12458
50557
12963
33280
98042
70108
30305
4479
52989
82769
93502
67778
55212
31376
53134
43243
47336
68018
14007
64958
68529
68150
16547
38059
8098
46720
98632
52379
13178
47043
79904
64402
27078
95783
37898
55389
38519
59835
25960
38153
80755
41313
18440
65452
89681
93580
22238
19077
26777
66702
1224
31415
84553
60265
1830
55229
8978
72618
44041
27553
12252
17292
1133
49575
76416
31391
74659
92045
34379
43140
51850
78697
35978
80237
57711
37567
97156
27983
16029
47180
54665
72122
27833
32416
22731
1701
82257
27191
46499
83386
44809
72790
26098
17187
72433
7776
10494
44925
53678
9299
22423
47070
66722
2108
42410
7717
90973
53745
67244
92282
22613
28008
41633
72122
38712
33747
30142
88774
30613
61336
48163
72783
9880
8980
95620
18370
62714
63245
55758
84138
32681
66230
57730
41684
26607
9386
21176
53811
93032
44918
18293
10833
64614
95523
22593
78773
98360
49019
1369
24276
92668
44699
687
19763
25574
47154
2140
84609
38801
52636
55566
23139
71482
22831
98263
41735
49257
18164
11567
97000
99821
97432
72238
50291
32240
118
16288
96590
15021
11003
7364
91400
11294
8347
8303
91871
43548
82567
98324
69724
30923
24324
19924
27715
8716
46718
88147
52699
76916
71685
25805
75339
5519
1949
27553
89307
54685
63128
74419
269
31469
65601
90905
29460
36384
38329
6106
82408
12948
20770
29205
40532
33392
25094
89989
62370
17426
92677
85845
69394
26575
6883
95942
61314
60007
13306
50269
84154
82924
87486
67740
89924
66471
84618
91736
95202
17441
52981
4701
82183
58417
81277
54808
49716
3931
86507
85762
23010
38097
16713
19226
91071
27612
7122
33103
73800
58484
42001
49576
94358
39414
19798
74524
18071
78816
78296
98407
52417
59985
8847
95897
66701
52155
89005
33323
76392
22365
62105
87715
69097
96691
89371
1771
72860
28541
14909
68885
8271
17218
64411
16704
86570
69675
78683
80484
20978
19492
23389
95541
21713
4714
20617
66127
44513
73480
2092
38668
61131
26876
63356
74757
93421
54048
51596
79181
36288
28442
20765
36244
25017
39886
54002
22955
21812
45842
11873
39678
25566
81752
37151
27906
78472
43694
90487
18561
25378
56595
17731
22185
57494
12233
10589
80244
3281
4531
69377
8696
84006
33773
91597
20980
69422
22651
67955
51300
2545
6685
48752
70938
50508
87386
29029
14960
36198
49331
9777
65939
65916
66826
46017
72245
52
1201
17244
68929
24303
63818
45110
10661
63675
50543
34743
92373
11012
16731
34948
54993
85808
20988
13754
60743
68609
75884
55080
29285
40910
15421
16236
81516
96262
92969
97951
70305
31017
82608
98605
69612
74027
76074
34221
77173
29951
54365
5912
90989
35279
86385
89188
55000
78096
40110
30647
5063
65059
38343
47968
41997
88943
35084
72936
93155
19357
25055
58051
76579
12997
5523
38698
20587
79871
41459
92708
38039
77139
18785
36421
27512
57755
41149
24515
23915
99762
52616
58214
73251
23088
69055
83379
19015
70736
76163
67267
79671
63357
90967
13597
96172
92167
73248
87873
57912
78168
88909
13022
60747
60687
45035
72231
39100
70269
56720
37289
57842
37178
50564
68756
81088
68825
76732
69627
95659
71243
98391
58776
74669
82592
57050
88084
13068
95067
86075
54215
65179
75828
23388
91758
47588
41197
73929
84189
39187
37945
28306
86520
21602
64055
93544
10580
43041
60624
47540
26098
63934
51149
54963
42356
61089
68937
68791
78740
27298
19694
62998
56439
76290
44243
71570
65005
69197
93871
43633
86233
33080
51093
75795
73569
54343
24663
5637
19985
88664
95113
96325
24834
9555
51170
61709
3336
6673
29847
37565
85758
29248
76989
19364
15519
79351
51475
52825
50443
2725
24027
96340
22073
6693
44453
62331
86712
93459
99535
86843
638
47881
11091
95030
65082
60139
79561
11788
41203
3082
54125
82002
6723
64356
18859
58354
41939
36525
91516
89881
57452
48328
3238
63458
58913
87223
81776
61247
33739
92508
7163
15995
7550
76672
93994
82915
70907
54902
48335
83542
40419
65538
62486
51859
12693
68219
20254
99086
87514
86896
27786
10114
75151
63516
18307
89127
29614
60241
34923
46498
81982
47363
35505
4483
75164
30424
33895
78020
88559
604
98952
17534
83668
4771
34046
47865
316
18147
64389
32493
89047
78793
40246
63953
65799
23691
93290
44598
98335
85715
95922
51383
99353
41523
29448
58861
83294
96146
17223
2003
66620
68344
78361
76532
50284
40373
34415
53599
64510
7211
72348
25735
85747
90168
2233
81868
57201
52210
6500
68749
48947
98888
14460
25336
22223
7696
95439
75866
90729
77949
36011
60855
56896
16985
18074
60297
30056
92142
81725
33294
12359
46215
55326
60319
16657
13613
4990
66047
92880
87764
81376
82707
39535
52234
27548
22378
30285
92935
28342
56807
54394
2833
95763
78041
61669
66943
72735
73892
94241
88795
96126
39941
38888
61058
34043
87798
26635
25806
80185
6889
75505
33993
61999
9151
28977
35596
91064
20570
2324
10153
43595
72632
29317
64707
98838
14479
72388
20491
55761
57528
69762
17591
10985
46161
25700
66987
35992
76790
14134
25970
92640
25127
87684
78657
86996
69251
18034
27130
86534
53527
8997
35515
90273
62243
41673
60343
95929
47141
77736
57901
83056
24199
98150
65006
85883
3326
14253
80939
11072
91007
35652
90069
26210
7063
17399
8189
5760
68421
23846
21054
72201
28728
11861
53664
72671
52373
23616
45455
29214
86661
38693
88811
22551
10895
52819
34074
36283
10433
27584
37437
73227
81992
44798
16082
67031
38555
66122
44246
24948
43214
17951
95988
78814
66608
65552
50574
40948
90161
72555
55795
89423
42581
53010
39517
39690
57310
92566
52083
21092
72491
71435
48488
43049
67669
45179
9629
27157
78618
43336
53876
99231
43216
7580
4665
68240
47897
88986
94056
86101
94323
93134
74159
66178
52637
20984
19306
35942
58382
6666
55140
55955
74438
29474
68298
55649
12859
54025
61023
59195
20941
33409
63700
94534
54377
66095
20096
82278
8020
11802
99843
99865
77359
22701
20384
11549
7850
88167
49729
70312
98427
75360
38872
90626
27206
99247
78949
82194
83169
7540
6502
4669
68761
87297
14148
92784
54101
89346
31023
3338
62654
87678
39981
59189
44417
2151
29146
55383
93351
72227
81067
58710
39373
89353
46355
7646
79379
58954
29740
76583
80189
50221
35851
20924
11010
74610
81487
18942
54294
27557
96071
47584
87842
31691
61530
78959
73753
16484
51623
44548
99578
91089
45833
99535
76437
42148
57138
69654
66479
91666
29352
10898
79183
80188
19258
42649
57851
86867
25848
63202
80362
16087
71773
24195
43342
83119
49465
11646
82084
62687
97239
92258
87761
60877
55765
3842
23912
31436
48889
49767
54925
62244
52395
23059
77494
57402
51338
52866
19729
12076
45425
88134
53944
19393
53034
26621
42621
31212
62713
37982
76328
4551
12587
65435
78364
33363
67252
12583
61920
35553
80538
76759
17831
68829
25160
64872
28010
47324
13505
96617
66776
93516
61202
74984
5959
7119
52747
30865
67405
65773
47833
21497
12739
84713
10109
59649
82113
87097
19710
90485
14749
65595
39678
4764
92182
43528
73285
79313
86669
59797
48828
54581
85495
19439
64825
53773
51334
24174
9453
85547
95866
32011
45477
26569
15510
69608
74383
83622
3346
79271
7877
38233
93917
82429
92298
22709
93799
47489
60579
42941
59951
95927
74895
94096
42522
86242
27673
51229
32077
63037
4123
44451
28128
69486
11230
84917
95288
60412
55401
73792
10881
92138
22196
78588
42218
59702
30844
7279
40211
20039
72850
78096
71098
25527
99197
41982
50622
37800
10124
50896
7856
248
84743
40300
6931
44345
19096
7657
24762
29971
71801
80922
90735
16229
10251
22091
18812
82061
67576
52842
92497
98791
47577
27815
77757
99943
11376
58747
46364
26986
28648
15259
62861
13065
1614
26413
18661
33143
74058
67189
61313
65164
59484
69508
64796
21913
7317
78682
81282
68516
30662
26406
44641
80156
75768
57149
57024
55948
40449
35658
92684
29069
94769
39395
93052
3991
80895
90479
53012
99697
38936
58631
1566
84555
19418
16708
35729
3642
45765
8694
74975
26333
24709
58673
41515
84095
47769
42898
55245
50070
35563
61168
54735
58125
97662
7967
7366
58211
20687
71205
69068
15941
16903
56802
74055
89568
7396
57343
6576
73376
41940
64651
37625
95112
36229
5353
58133
95021
85963
5222
67158
24963
56963
10865
12998
97861
79045
43701
8496
55670
19648
24076
77641
65617
99525
1704
8211
14220
33770
89031
39665
96157
76695
63464
95008
47475
53638
92440
73041
69469
5572
22484
25100
23679
94437
75955
58846
14436
61647
34788
2230
21014
56338
52785
23256
3389
75586
83678
57606
4392
81933
88664
22354
52750
40308
58100
46060
80177
32245
10951
6394
83563
87566
35513
5286
59663
41812
70432
24356
57274
35442
89925
29004
1219
69415
61796
76188
80532
11903
97582
48933
35535
57344
62493
22954
98272
98098
29770
55339
37462
32130
94458
21391
21821
69205
39832
91981
2390
54531
64301
20339
87445
29882
1069
24135
66798
76103
40997
72476
55075
34573
84935
13305
13909
84610
59955
49704
32543
27098
99906
60621
17908
95055
41045
96450
66176
4562
92711
94272
92939
9501
35640
79828
68242
49150
46145
65826
63219
13907
14029
74586
5104
72361
14970
88781
46766
76935
61379
30608
3460
23924
86862
22791
72550
88427
80243
41657
96274
3823
96314
92880
87804
94746
64197
46549
13324
50269
27793
75120
47660
65100
29414
47234
45718
92435
48355
37405
75004
34845
82792
43022
37963
1449
68316
47309
57371
77403
98328
9635
84089
63240
89642
91372
13586
54459
70477
21349
52612
52553
6268
10865
85758
51734
87353
85607
54193
46764
35885
35877
51585
88741
65262
21255
98161
67894
25929
50635
46111
2655
86682
6991
51203
16169
3523
92053
34819
8893
52961
32610
9936
39829
5259
59690
47630
72713
17523
56893
93853
94821
90161
32407
62148
80982
27565
35847
99554
69965
64758
7651
7724
99049
70254
84105
24293
35912
98680
65203
60533
93611
46633
67893
97264
80386
86706
15520
45667
55126
73579
86941
82472
84021
83531
48445
79239
2332
77109
18422
13133
2797
20098
19221
61129
37708
19406
32333
41772
75253
78698
23637
53001
2274
65520
15284
66723
25873
30272
60186
84456
91910
93023
53740
5870
63892
8626
40896
80925
88979
52701
62165
64315
86675
73165
52152
30733
23586
941
82941
92572
27397
43259
52245
36947
49823
67016
58627
69054
80208
92636
65022
95582
33701
15627
49328
15259
86269
79513
40238
92687
55074
46019
60608
75847
99387
28163
88423
11784
56522
23454
13304
75712
2793
40902
95074
42617
83006
7901
45028
16985
15280
17516
39513
76203
88601
31453
91093
64362
39203
90389
63263
67452
66423
3979
23561
50282
56510
28769
27872
94188
39490
26685
57202
31869
21019
27186
22806
92048
45177
46006
39237
73577
7422
72378
21643
7691
44517
14073
1386
82178
43474
77854
533
70997
23182
7176
19819
14288
86785
20995
37541
50446
41779
54553
33477
58328
61274
48709
7973
16067
44131
22809
46760
21875
57032
48441
73351
5461
80202
64982
96847
23196
51807
7518
97520
99518
24233
11230
83372
65113
3305
8252
4337
15414
16813
34409
92451
75594
37901
40543
5408
9856
4590
64347
41434
93463
33259
25656
64950
28790
60301
23862
99690
81840
72450
24764
29353
78195
14424
4947
23406
34108
616
32312
92026
98601
17043
1950
50170
71909
31531
37695
11009
61787
96008
88458
20321
22437
30438
52602
65911
78877
58294
27914
53889
9337
28134
83622
68861
49483
44231
87172
11897
8626
45766
34963
69875
79633
67397
75039
22040
83584
1212
64868
14608
81846
83316
84881
48371
64581
48982
60033
12978
11536
9124
3027
11193
61776
60906
45588
38485
91399
41600
4009
45031
52803
83351
95021
6571
82144
17937
93106
36565
60855
48859
5137
76753
19541
60282
32170
98988
21537
85625
62722
62040
61240
6908
57031
34540
99943
36140
60333
89584
28289
74353
28002
9387
31185
8921
63041
9277
544
35498
64554
24694
68963
75728
84104
12081
84771
62005
54106
15810
99428
42357
42747
74131
17215
1910
13808
67409
79225
22221
31229
78934
42365
53139
50142
2178
83002
98368
54123
44058
80556
36414
42972
27668
91773
91146
63788
16446
40060
92092
32168
71973
38643
28525
27358
81849
51671
52210
81617
8978
64074
44272
96673
10556
30552
70103
48725
39851
36937
74813
67561
39165
30098
83363
87835
20523
8088
86764
37050
90730
88376
31698
80314
32491
94737
24811
80104
62473
41121
15897
99027
82385
78730
40635
34908
85688
32246
67413
92138
56897
25717
78047
56198
21672
88807
68991
16687
36350
82440
49826
40280
36672
31668
56298
4609
14393
21454
74931
56299
9229
17754
92878
35083
64682
93471
59548
32752
88263
80655
32567
74135
10206
19573
3848
35830
61213
769
1148
7451
12734
34422
99902
34729
6023
18491
68901
99370
1371
75432
66532
32568
68362
76234
25376
90554
66641
55372
26322
53875
44462
11510
61371
91522
45455
55274
34930
52960
91677
43541
27493
78411
30266
67091
13638
21886
90883
27698
96512
48241
48535
30017
30189
40170
97521
68105
3625
79311
16695
5410
7354
44663
99727
59123
32996
74759
40746
80591
17585
22230
30985
67354
51939
50750
43686
72465
64183
23025
93854
54312
76498
31780
39179
18317
16854
9268
37713
23495
65867
34382
9456
70161
8654
31248
31374
67536
29793
34290
63085
313
17439
85454
66073
13144
57142
99302
76860
79925
33472
16550
20630
35291
33291
47811
60210
25032
95828
31231
2029
97899
8536
13057
79683
82526
20293
32744
84289
10378
67411
10988
43041
74688
13798
96305
93052
76976
51337
33592
12880
21263
36372
50039
22347
68981
61060
67670
12199
82431
62989
17585
12311
4696
16974
43002
93237
49050
73857
69657
14219
52391
73799
53421
20379
49815
6717
45376
90991
54616
92983
70536
89046
15263
7046
41874
84101
30548
3219
86945
16879
3873
55490
3279
59271
11391
22079
81857
7457
20156
4133
87770
21516
41400
1753
6136
46707
99783
78530
80422
75032
92609
96435
89619
28692
87602
64533
20964
23115
76391
728
32202
76627
43876
81543
56410
29717
17149
60061
12549
44382
8580
21630
85351
30228
37049
43545
395
61290
88677
35264
21187
46283
73542
91301
95283
34957
91468
50924
26243
62319
35804
16819
55899
4690
74271
54961
10810
62621
39480
30515
4027
92315
66740
11384
47647
5254
80644
56532
34950
52715
13366
66801
81451
96668
66852
65815
86359
92109
58515
77013
43105
85111
71946
77963
64201
5004
66930
58320
42714
21649
70372
31330
97205
59577
68654
3835
73616
12149
60316
69566
46032
63578
15834
40826
61786
57339
31096
89701
39793
48457
48663
92474
94638
91708
73056
28617
66254
16306
99522
84932
6377
91926
96434
92866
70011
76145
68787
97945
70513
28189
2496
82138
92662
72269
95572
93320
20395
7545
35517
68744
73831
29632
89651
75553
61483
90365
86693
29663
4047
49988
88037
54298
35119
47951
90698
53795
8184
51520
2837
42403
97588
70677
61193
53468
96289
30976
36139
80831
88376
71414
9096
66728
33429
41883
78733
89741
14387
1531
59009
75812
40639
78298
31520
3023
49374
40291
20280
56298
34371
90094
82452
66485
601
18224
73190
10869
37117
32373
58667
29075
9377
99958
33747
68077
60737
9057
30701
38536
66773
54249
6916
48181
61302
15461
98857
98876
23069
24500
32764
98470
54236
80660
71117
43819
4923
30206
16357
14408
61605
9116
2544
40272
94897
27924
75632
42942
19478
87241
42579
98042
63865
88705
41748
35991
35228
51186
276
63200
34098
82649
51601
48532
47545
88104
96953
16828
85108
47532
70991
72520
44704
49840
70128
60223
99919
79502
25090
5457
82837
26747
41405
96710
53051
51090
52296
19436
2386
91618
86431
26609
25523
13797
72345
1405
69731
20654
42869
47240
3812
47898
32833
91287
14142
18402
23633
6824
31691
22523
30299
24842
22624
49490
60448
85440
38894
35069
65961
93163
99399
32086
62478
1238
91742
54956
1131
72552
52759
58854
55074
14983
36974
77471
52881
33830
97665
87917
9077
69071
11313
39081
63010
21020
39470
33793
59528
27476
89511
69562
53262
86676
1366
88906
78942
6051
22106
93169
86514
52056
91789
4214
26396
73756
73312
68872
248
95004
86319
47972
23204
62283
69053
71927
35671
24735
66578
30601
79927
80248
87837
18759
98165
56247
68981
83085
42513
92702
14093
51983
52637
3073
24108
63203
124
13210
20720
51384
46248
45920
60551
733
92567
64704
1519
34387
21527
11096
53062
97835
55987
61687
58051
39208
60351
97959
62222
59463
63200
23812
96207
40715
26590
59058
61890
9245
87237
97492
80429
9206
26596
72298
37689
2682
60447
11537
71023
11086
98181
87171
21219
32692
63033
40812
39039
95629
22033
69960
30533
96856
2899
74971
50058
72292
75055
95977
77058
87801
84017
93393
55114
91275
39662
90183
64314
21841
27166
71483
28181
49996
568
95322
79812
47109
24650
14185
38238
32781
21392
37914
62202
8044
19352
71550
38152
54376
67821
75118
86224
93753
55793
89651
44503
41789
37065
29332
5794
14568
47730
56621
77679
37784
25276
1648
26593
39830
68623
89356
22725
21718
28700
43417
23654
71260
15169
96945
27940
84173
81808
86340
96571
93270
51347
98293
4564
86266
36025
81355
23147
87256
57067
29776
16293
70500
27823
20014
96089
43747
50950
39689
25281
35282
54034
19220
83676
29931
71404
66576
48553
41752
79792
74982
8622
18963
10535
61698
30849
8906
15088
3203
58246
18040
21981
64949
57304
93536
38403
94359
28605
73684
60035
46439
53852
73610
69567
43208
30686
50134
60019
32563
28762
68455
55405
43534
62487
53483
72152
45362
21944
37098
93440
23585
86325
8056
4406
29031
82366
94278
44610
88620
44945
10214
93753
17573
16493
67907
48761
85418
93057
79260
16014
77058
96510
14650
84967
73939
1044
22935
23092
42859
16309
85179
73366
75582
3636
21278
66628
13831
58477
33260
86990
88980
20589
85167
74892
64367
69434
36286
43233
81745
72801
5163
42920
45933
35886
73903
35116
83006
7536
76399
43352
62013
9054
19142
58437
82481
60540
63621
47063
34606
38510
99449
96769
52300
20624
76997
51541
21099
99299
64889
69986
29150
60183
7759
43484
88054
82141
57130
98656
18217
8981
4959
56766
53925
60724
34732
80107
36333
70478
80848
36372
59376
50338
70284
31662
92915
97066
99560
75091
58919
57941
64828
88747
17708
68701
50071
49438
85864
40521
58062
23382
82000
46701
16947
45556
63260
68291
28688
85715
49851
18240
33010
39569
36323
49133
27826
49741
54471
51455
839
319
11934
591
3171
27849
13502
57781
30327
99006
79180
85448
14529
60769
12630
69629
21443
75388
90922
66822
99279
97437
66153
85993
92133
43884
44867
50459
12875
57595
45614
5033
45427
80489
6649
55370
78834
47944
23242
12972
63570
89564
50618
39783
35426
61740
34731
62425
41520
89483
90569
21377
57163
14822
72080
24942
24424
29429
23998
16545
10632
15664
15295
25977
17536
42256
77471
87588
45432
94591
98347
30857
87586
45067
93846
7626
61174
62222
3435
62056
28849
37325
24910
11681
5650
8257
35115
68536
1826
49201
20738
2122
85833
57677
54282
22449
24959
48772
31659
24911
66865
57938
31310
41149
34227
31133
41325
65831
31799
48763
50630
73050
79185
26421
5923
27355
16585
34530
70440
80971
20696
39282
36614
12576
11894
70311
23170
61466
35854
59487
36805
3372
83147
91813
23048
36454
87632
26314
8874
28980
46300
95818
95117
20725
26209
2501
53891
67092
42644
33982
49194
41738
68162
8532
65408
20142
86128
29777
38277
17099
70935
89458
56419
16603
78349
49337
66677
74527
20742
95096
75640
71096
98396
19140
17649
38866
34954
52798
18461
76120
88942
69946
62351
76259
41387
97013
62697
47641
81453
42067
5714
42341
9436
71224
4000
12490
50645
18342
56015
99465
44985
23542
75264
39684
97557
58313
6691
12225
31587
38514
8773
75101
86389
49655
50583
70385
58222
19146
97246
78130
52429
21169
90517
21540
24978
28305
27676
92391
52135
91855
32742
62015
5627
50247
88832
28039
13074
92113
95848
55095
41780
58903
73508
57224
97408
19954
40926
54552
64099
88852
31657
33638
30713
64275
52562
70785
50670
35871
84122
7600
66420
61580
82067
76595
44377
35623
7289
83507
34646
35611
28956
83166
34758
75350
82087
64178
30740
8536
54919
28964
95127
28976
79569
56723
32960
85932
76281
67717
25550
54536
46387
70086
56317
31180
63407
76261
25568
3777
92491
66608
52936
71743
97119
30015
86287
82878
44464
57809
32005
84051
56316
46416
76062
93211
26714
13089
23622
4078
79030
73447
57829
90121
99894
29782
51207
77550
57088
91526
51594
51546
51618
98047
64180
78446
91084
83704
92451
82922
63918
28656
77150
55850
44143
38947
51233
15896
44677
53078
97846
76355
11098
99751
43266
37057
12758
30219
67245
26254
99914
89220
54519
57710
86966
95281
87086
29218
86239
84982
84962
70584
6563
28176
81189
53380
55153
47501
52052
5857
1656
48882
87592
33017
63614
46640
33259
56460
80590
38007
32880
58331
46117
53243
66042
70135
10212
8108
74999
93179
22045
15552
83880
74911
81097
55431
92347
39006
27323
51955
10229
64151
35118
41806
67450
21733
31710
8075
85395
1027
26978
48143
97826
20537
69447
25690
59892
60090
9636
43767
28577
77345
36892
36788
50875
82240
25867
70160
21008
62249
18507
88502
2902
89896
94779
14872
91439
18766
4417
95120
47186
20185
89949
84395
72354
64070
1819
13150
52665
9351
72853
24184
78836
71583
28639
57934
47767
56095
45417
6518
60340
77245
53271
15830
98910
67373
48926
92941
18572
38199
69889
88281
79080
7019
69414
38850
65242
99515
33686
18027
31737
83732
59722
94533
44630
69109
83725
73292
77684
911
12541
97702
85701
44067
43020
4381
77996
95136
33334
1707
69524
79431
70664
35905
76129
53399
24178
36573
25230
13389
41241
96419
9329
30973
37518
79978
88036
12699
68671
4787
72485
33935
95433
71661
64275
76687
62949
98422
2663
31815
35161
57055
76281
62895
97178
53935
34442
60111
29328
44809
18866
9134
76112
22411
68840
62085
76788
42663
69210
5362
3594
35040
46789
72416
49678
1220
89902
4191
54271
37
42746
43691
99260
14213
62078
25611
89594
53338
27823
69979
31499
3921
57459
59674
45109
24846
80787
46117
55742
83608
23996
89258
18162
47082
59704
77658
76095
15300
84804
23067
40995
99642
69564
8812
5756
5397
73230
2088
56735
87064
23441
89667
72101
63792
82064
44851
38725
51730
15702
84411
89473
12596
76620
48866
55580
313
83255
12292
89483
61306
59395
12161
11945
52148
91531
90573
43455
8353
30802
50493
65095
19697
20376
78241
85000
15160
68867
88743
69240
1899
51598
70744
5021
1414
59252
816
4157
92919
72965
40038
51478
9460
79263
43382
33663
4883
6730
89043
42279
80203
3335
53322
47500
15012
41432
2304
10170
97885
99962
30316
85426
48504
86693
20941
11093
28904
33193
40428
25353
29058
97562
36251
21444
70479
75401
29553
57509
1352
28285
24144
38523
39332
13191
81224
67504
96205
79126
42219
53322
23267
97020
19963
85912
18631
63413
33114
40828
29015
75134
83223
20663
67728
35997
84557
21577
1356
279
74456
61569
32210
6784
62084
84727
53563
98579
63242
19273
53977
96844
33472
9471
105
83367
36858
79525
47509
46190
84075
75707
55623
38997
13135
38986
24151
48982
53868
8418
82738
79384
63985
67081
50316
81228
10589
50409
38814
12825
62417
91528
32223
71901
50325
37896
12645
58320
98119
14764
666
66708
57801
18106
12373
77130
85070
89807
48922
3419
34154
82780
59210
90769
52346
57662
10126
89205
78925
92383
84028
37783
98072
85580
94610
57451
6478
46579
22232
87606
80969
3742
96998
53425
88196
60829
38302
40382
10862
5071
85704
24869
12094
69879
97199
4126
74492
20303
54018
46826
69280
17546
60857
76875
8719
58719
69739
65938
57050
94550
40379
57912
94279
85896
42180
16426
85070
19721
64073
44346
64684
47125
27853
24640
93332
55704
32477
23683
20326
43428
30681
99925
39005
39224
27050
23445
7941
81665
85146
69534
93910
39208
50224
87851
45793
37312
30527
73408
32663
28367
81803
17383
72217
78091
24829
48376
36924
8536
58283
80098
59322
58409
80745
88844
88756
22741
28204
37050
88895
19595
87475
63617
83459
33528
39925
32106
30801
11337
27799
66686
85356
19029
84881
33365
32661
9864
59330
3259
27597
43083
12840
63669
63979
13683
49898
56675
12019
41572
87778
64773
5368
11337
19173
10910
24274
95390
30762
82410
91625
49748
97372
27810
99309
5057
94194
99099
8
41065
94482
41729
49074
38545
96527
78852
74869
3357
41488
80113
53025
77696
19928
94701
58791
96706
37882
79604
99861
80076
68511
51954
35018
9163
42347
28549
8348
71575
38024
99439
63271
5316
53487
18514
79307
78435
11361
16042
20974
26574
49303
6899
39595
723
16233
13434
77955
54740
89263
64726
55289
72136
47797
26143
67545
53479
98917
32872
3161
86581
22064
83468
40792
5266
89727
98498
61613
94621
15362
6197
96015
14299
97918
52496
57416
23617
14273
21040
2011
89527
23317
5940
37065
44393
95728
50304
68638
64566
93890
63866
26648
29042
53845
41964
31025
51374
70414
33035
93863
60838
425
77319
20475
61662
93378
95288
81485
49466
78214
53141
3076
37702
73074
47868
40198
66388
96556
95005
95295
85069
89857
79911
11023
35944
26949
41096
34358
39981
59453
92841
15729
48052
72581
35342
21199
43975
35352
60476
25162
95191
46988
83030
72899
82423
85190
1754
80736
4686
14004
21338
94544
28768
45718
98421
60996
55385
37868
11624
54434
86331
46822
73275
64990
94942
78291
80648
6319
39472
1748
38404
30979
18282
21565
28010
29787
3419
66000
6020
15361
93035
36037
66671
37303
17799
17798
98032
85217
81860
86222
87186
27016
60768
77120
55924
10321
46778
1425
22949
71433
79782
42601
12890
10022
10206
87379
88539
97998
83212
89798
4292
5397
69025
87232
5938
20607
86068
25839
81765
91103
57555
90896
19991
97896
30868
95998
16072
47673
60348
16027
67902
60264
83892
49934
38841
16372
41539
65098
75623
16318
32720
50622
38882
6813
90780
93771
70467
9197
58031
20202
52788
39684
72391
8606
59449
23662
40059
17893
47942
69277
86449
65577
34093
65661
82160
65917
58600
53924
48312
15302
11796
10779
88557
978
69815
17546
30014
38591
44299
53643
808
87963
75577
49884
17485
95574
78339
60963
77478
98282
92012
36933
74352
51999
26184
22363
60633
5568
26247
98071
83517
73659
25681
98834
14822
18104
52711
35943
90765
48668
73326
79453
22812
62281
80237
11361
58568
1499
96064
96908
78946
58223
77303
70068
68142
64084
42201
5331
61491
1504
53750
27178
84949
34962
27112
72649
94503
9935
93976
66048
37234
83172
36673
98338
93991
71176
86399
93399
90776
99738
73951
55123
77881
13976
91137
50704
8494
3389
14716
27392
25046
61850
42135
36260
22206
27054
3350
77658
8843
63520
53010
22818
68233
41308
87783
93705
32113
12817
89105
2087
63464
18577
41132
26732
21919
22908
96586
43013
29961
8662
20499
46701
32219
9205
6068
85742
48489
63726
24509
99550
77638
22043
87993
33073
5023
95173
66020
49447
86894
47067
94304
50141
53269
42460
68530
97995
24097
41758
90915
67468
43625
97278
21654
66537
13271
88310
36621
81143
75801
89821
34562
69323
12689
73450
76377
18167
87834
13280
95323
22658
89226
59076
41000
48328
74311
78479
2715
76411
63788
37262
27283
46706
39937
68689
2134
64408
57092
58850
6180
73769
25428
77977
89980
57283
22657
46790
54506
23751
37113
33033
38920
61813
92296
5184
55995
52120
57726
76049
99976
29602
21154
77176
48086
910
93537
78110
80203
79775
98048
41616
8160
45423
58781
15300
26070
13766
23382
37535
30066
91414
91781
4100
34138
40161
34709
976
57074
7743
90900
72578
21719
55492
19536
7467
57220
55691
47499
96239
11189
20464
87717
12116
12618
49842
89841
99714
48292
33815
73226
17086
86124
7682
45618
24627
57923
54096
59238
82199
53885
37838
11605
37985
99988
62167
59530
49256
62074
70466
22593
19116
12707
54573
41480
90353
2625
99843
95933
75084
31680
41630
9692
16108
54584
3398
79542
29321
94708
30676
39610
38720
90567
88989
36240
16724
53253
73309
56378
87328
17648
93632
33336
74235
29851
51984
93372
70917
18485
21057
23661
59591
85600
53936
92083
50557
41817
11046
45524
80906
3707
69348
61400
28045
15685
281
39843
72784
81847
74664
8925
53098
37365
70525
3079
91762
33441
46896
42223
47893
55474
91254
1752
40587
3693
80492
79595
59803
52547
92567
81272
57668
59353
70376
89571
70298
1115
39735
11358
87953
60436
29087
15308
7913
85912
37443
50184
73757
9476
93492
85778
8430
45771
44242
31472
21381
81123
18422
3644
46579
42743
69864
43107
25382
33800
96234
58126
7289
23584
22319
56305
82981
4978
59400
10567
67060
15416
64855
60284
54950
6631
68051
69600
78299
14601
71011
25889
29684
20286
66150
92718
17
71828
73368
10942
50444
46838
16890
79939
37616
84053
4348
3161
75479
13565
78062
28605
89236
2670
18102
15941
40775
43414
51926
50828
13493
5634
6327
78947
18347
76955
20693
23234
31150
47233
32848
34170
5495
99256
69728
46280
12498
70351
22777
77272
58326
49451
47432
34755
83214
77209
30653
36886
95711
27890
17916
62043
57734
3353
86046
75585
42787
6165
56294
44543
82063
97338
92215
22369
70832
85942
50932
50421
12920
67073
17257
55005
48464
26951
91308
65828
53868
3762
86739
89396
50730
43618
51165
69297
29048
60525
3609
46939
42602
64209
77178
37897
2586
69007
17940
33081
24703
57371
38519
50174
56630
89762
78849
50105
76207
45922
40071
30306
91339
42250
60908
8793
54071
71014
50284
5421
11329
95370
16775
51703
94931
12851
93975
80925
15456
65065
40794
97223
48304
6811
23806
17910
72400
7687
63666
36564
4437
81307
51810
55035
4106
80071
96383
69565
77794
59648
36228
49604
29867
16146
26379
57035
92857
66955
15279
95912
70173
10056
45288
15326
15376
27120
43532
58320
14851
15670
9233
92449
84359
45543
52041
74970
53699
54832
71375
69896
26411
47218
56082
41052
15488
88131
69608
56451
42246
73765
75003
3892
98720
55032
20406
96350
54324
13982
69085
58177
71045
164
69953
15510
27846
97663
37832
58458
45068
45392
95306
37492
8234
33113
69889
43533
69357
80375
96312
65696
5841
37798
12935
29459
62474
27766
23468
26637
52738
45013
33880
41614
46163
70697
23384
52551
11366
70485
79773
75044
10150
41910
73892
51814
32509
11607
40643
40012
20587
21890
60727
44154
97788
87018
73478
5654
91477
50245
97913
44459
57623
88920
1520
42714
89683
88958
29264
41641
7730
76269
52915
18466
52184
53066
95908
16855
40934
97802
81592
14682
56419
62805
61395
1398
36466
30113
97684
40332
56056
66969
69170
7880
42070
43005
56089
73992
37064
89468
58760
38360
94240
6688
12336
81000
63713
27388
75045
74190
88988
67988
32693
50869
98711
373
92274
70461
40115
71773
51443
21786
94471
81073
48128
13562
70854
97362
1953
21608
32293
34519
48317
81025
38212
91429
42705
9278
39976
52855
53892
36378
65632
27487
84483
31859
63556
14721
56793
25696
90887
14901
45016
13696
77056
61284
82065
85917
85924
37624
74459
66522
71505
4525
712
18201
64971
60569
24259
49667
65947
9937
43278
19166
75244
90535
19216
18203
29386
80776
99292
91593
43797
50814
84448
7708
98907
1868
62822
75348
93558
90324
84593
70152
69920
97862
62964
53227
13850
66120
60405
84788
21812
58040
52339
87764
87281
56936
82128
81545
41356
15274
59984
53792
71424
18331
38803
28485
83621
12746
78202
51666
41682
6747
60962
78136
99253
49311
48903
41206
65579
23774
75162
69247
10494
58845
81130
90326
68148
83109
51661
95182
79068
76328
16236
74453
12398
78841
87997
64109
66767
13517
23076
46252
71104
48058
86523
85202
75213
41258
13258
93772
17009
22291
20762
54721
88279
74390
91296
18982
31125
76658
93353
85164
47626
56817
85758
36171
40308
60784
55064
73707
49587
11939
89994
90986
51631
93239
64444
90701
77191
1806
59793
32270
76842
40313
81597
6454
35051
88981
98358
4022
69752
17958
68741
55327
42653
37085
20698
1241
61215
17905
40002
26890
42230
51143
13600
32360
82734
33199
88597
29883
15723
31763
30443
36881
39581
68961
20020
38560
54454
59925
89404
48721
60622
11626
23609
36866
35138
79865
33296
55958
29469
20084
1405
43450
94801
32913
16940
57934
24982
80697
54034
23421
79931
94968
90165
74738
73593
98060
41728
20798
84873
61646
86633
70238
1137
88980
19119
88296
12228
8937
93537
23268
35
10065
97273
84175
70352
6477
20456
41887
61148
81770
94601
29540
34191
49696
27807
42400
13887
61073
26503
20304
64894
413
40477
68647
66738
30374
95326
47249
38998
54747
84524
77351
17667
69036
96976
66946
16537
55707
17303
13971
38293
79592
65773
44145
37656
22882
2941
92379
34344
71271
70896
87758
39500
87269
27505
49736
32140
2057
68127
90598
93115
79289
44117
47300
66248
23939
76372
86562
66753
71070
32076
56266
88398
992
89752
66365
38552
42048
30870
80203
96713
57371
32339
67664
9637
51310
78519
81242
19855
41933
52692
5013
245
95263
6340
43542
95838
9486
47888
64202
78180
19012
71690
43225
98365
13847
21878
3839
26999
53085
41159
5966
94855
43110
69100
11920
68138
76297
93291
79538
68713
85548
19932
28508
28999
35241
55760
4214
31539
64415
57587
19843
70457
7004
57246
29761
93055
12146
26828
55117
64759
27595
13388
85385
46752
15336
57137
98112
53077
21733
76754
1687
45519
69015
31464
19721
4663
46328
65064
8346
71838
81402
45342
24656
86151
86726
47493
27783
98975
91991
8943
77031
87693
29175
75341
90820
31
68376
76099
19950
88361
24062
31067
94381
67448
24777
73069
14309
34706
84720
10321
55889
2268
790
40647
56907
30462
23352
54703
85699
50127
77113
50934
57762
36778
64527
28395
55060
9729
88749
49346
35544
83904
8603
10953
36717
23328
99312
75420
49766
29717
89590
90859
3258
31447
81705
24833
3403
71306
7604
58692
29480
22560
60431
36006
84405
6237
16118
50805
42177
71306
87595
3801
42902
51922
21220
88580
65234
37004
9491
12970
171
30072
2554
55876
87881
16618
21243
452
64031
20328
82621
25917
79531
33658
80662
66588
60210
14459
66370
91741
25009
73226
14557
99506
83758
89286
27284
28815
8523
22410
97406
86614
29564
48033
49660
68013
36019
10017
22049
48910
46098
34151
51958
59957
30553
86320
56839
62992
75771
15888
92720
41151
11159
25052
26196
96955
31305
5146
57448
86066
56979
26384
48877
59093
46586
1212
64991
37786
97977
20683
83936
68882
13839
25153
46063
9590
49933
57404
57112
46562
17153
68608
28256
46710
47142
93993
79635
65128
44863
74931
61375
95291
32785
36084
7967
93019
69948
12590
63980
93473
81348
53915
42077
15678
58974
45519
74403
35153
61316
35726
88900
78218
2542
41769
17355
12585
70427
4965
30471
55536
62843
70742
13519
4851
56888
11994
78793
4917
77346
20148
7821
55597
14187
96057
45018
72391
58617
25107
20968
29676
45376
85282
86253
55376
21188
43240
28942
31523
54741
55241
4876
70257
29881
45180
94468
7533
34117
47968
2561
49562
12799
68457
96594
29487
99301
56119
89235
29635
94787
81873
67680
25678
17140
24049
94595
43780
522
44936
5598
47052
78321
69088
30643
47643
79652
71733
87554
66328
57503
71304
72549
82909
4861
4717
5929
81874
97245
92420
43600
99018
34090
11440
79166
53169
53300
56048
47896
37788
50836
982
65262
74222
35449
22729
30936
15769
60583
93593
69591
41857
16192
91652
97253
77901
17173
2225
86057
66776
35792
18975
61254
27446
26845
97450
23018
36245
2357
40245
74718
37872
77892
66119
11761
78717
67001
20150
26270
84275
51247
81632
79437
47378
63614
76803
82862
7148
98496
62838
97512
86654
65003
22835
19053
80612
76733
82335
17724
64893
8468
32074
4677
97306
63683
46343
77450
99427
27157
59152
35529
8911
30839
87584
84607
8472
93915
2053
87465
52934
97103
32480
9368
62489
46987
93887
19767
7296
70757
57536
30479
97225
39437
45267
45642
7457
59113
34742
94789
9591
79521
76340
98201
38504
70175
6378
58763
8427
73451
90508
54510
71244
62018
35503
16598
30849
19401
45343
16122
55227
93787
42549
92213
8904
41332
4193
89989
39459
88465
23262
90187
52827
81754
52326
28723
69694
47048
30321
8779
42563
2426
34276
58163
79115
85712
57683
40580
67893
34826
30298
90873
89525
73470
63492
76003
72545
44503
17533
4813
51445
64574
69110
56923
42395
97090
97861
70501
8818
8182
96709
48922
14315
61338
6709
17315
86820
42502
40124
55303
30411
91920
3007
51951
77020
12874
88797
13676
96362
93109
90112
93456
80014
87358
40679
61299
19243
87321
2577
15430
93114
80375
68984
87252
11166
2665
69659
77022
69175
96078
86326
69331
91548
98520
98710
72968
34170
84545
14432
95289
72199
88888
14094
30288
15613
48231
99231
84629
22565
75644
32512
21020
56951
18529
92037
40623
40620
90549
94902
18562
56792
71403
84649
48602
15458
55741
67584
92803
33499
46885
67230
28984
43919
23015
22018
27812
11594
69504
58928
2849
57331
46389
16627
12038
78476
26002
36679
10953
99411
15404
34352
96714
99564
80357
99286
5332
84937
52322
72616
85585
9585
37588
26331
11506
32269
93878
91195
35576
25065
76745
45496
31823
44870
55480
61600
40868
56656
57448
25915
49149
83625
39339
58129
14580
43179
75308
66372
40396
30315
1470
78947
43767
73490
31391
71078
89326
25658
10516
54009
78998
56118
20519
17705
66418
57013
7117
60655
48590
38525
8076
94931
5802
32067
84968
97383
6840
80487
71939
64341
13731
13512
2153
5704
59765
35536
27003
5049
47396
48964
85636
65139
19090
60272
34531
18746
35406
64711
90444
43059
33121
3490
41582
47885
59531
80216
53816
31478
86475
28379
60858
72426
9684
92338
10543
79198
84772
98432
14325
57893
38514
69639
2609
50844
46220
83656
69721
42217
22468
38029
63723
23274
31606
55461
68864
49319
46258
67366
5619
49534
15217
18917
95002
74263
77922
84157
54016
75205
63128
10286
8683
18053
25542
65032
94321
72802
99935
83137
85481
99011
81522
91461
91979
37556
55192
1998
9576
25671
66383
4885
39048
92735
81132
86842
16148
37236
92661
38602
45122
39112
4015
93407
64359
26154
67128
17007
32222
97318
64359
8111
11966
95767
44511
18656
83465
73437
12400
44726
93041
66785
49875
42303
42206
5371
84963
74583
65714
42747
74839
87487
74132
30729
5140
46756
93383
58849
43137
6521
18855
88980
56496
90195
51540
69578
94442
70139
51665
82864
54003
72287
49487
39056
38342
59185
59462
46067
4694
56855
24771
60625
66514
36559
58095
25510
23944
38521
918
71581
48614
59317
79725
8941
37729
85004
34122
93139
64096
79565
44036
50914
7352
61740
94196
46813
29182
71869
41710
58565
33079
20982
83905
54202
4262
51294
10527
14042
60113
89446
97789
62512
36378
26984
14552
64630
98324
76216
16502
7956
16360
45613
65483
13885
61098
96294
91261
26344
44105
81239
94959
99980
10324
78930
34801
6455
59545
9291
70915
74903
9791
6971
44219
82329
49896
18953
31418
5111
76768
60687
66630
58519
61114
84660
66942
40099
12159
35341
81878
34465
73563
956
92881
47104
93761
8881
61307
3369
88323
91084
23222
59861
68009
8604
1918
89701
71085
92536
73261
6630
20555
96596
86652
49855
6812
35076
76951
49516
22622
82322
18942
89138
72345
28320
54205
1418
20994
54388
50951
90372
31188
62973
66989
97083
21145
63762
97430
75882
21600
49654
4578
86062
97420
58574
9756
38724
28122
73966
64019
62581
93761
72474
18918
61078
78506
48808
78294
76410
5586
95315
25901
4385
4800
86436
54415
68691
22304
52195
19196
16392
3254
99943
1097
1094
27024
9995
5329
48484
61846
56583
86651
45046
1565
18150
40368
34520
32246
62066
61885
31780
78161
55911
40877
69284
52355
40184
98339
89856
68317
90423
23430
77543
97918
65726
16210
6884
29748
20178
39298
43282
98043
60926
38111
22373
85220
60165
84090
18368
73165
90382
36847
22239
59515
62754
17082
14154
75105
29472
93306
28332
91637
84551
44327
65805
50635
20392
90403
88438
29535
16496
10325
32959
841
65447
49806
47215
83788
35520
48358
76037
12596
25186
30500
36630
94811
48372
80203
66429
41343
90397
25848
68612
44926
9729
83692
59521
14374
51051
31019
83509
87395
43268
10345
82565
4656
71302
7594
37780
82113
71448
46400
61729
63078
67045
74474
36994
29910
91685
9223
4054
20990
12606
14167
44852
55465
23320
18607
95923
20048
89746
66777
30759
65764
93646
98922
77837
92413
3642
30163
59218
7195
40831
20707
5570
57825
36797
95203
86275
45504
29176
29253
93712
66137
43753
88804
57818
2982
64839
90453
69421
23342
22990
95301
96839
26853
57048
17055
52650
85940
48073
49310
82972
39972
55503
8858
16816
47379
56667
32367
63202
49617
6153
95827
60789
89600
24259
88568
48271
17800
92402
8233
17479
51837
53815
26687
12494
93290
44179
92448
206
11376
23424
97107
34682
32320
50064
58676
70180
72931
93820
29705
27327
29922
36392
3623
83218
60483
30801
24553
24975
77862
58157
58760
18568
11376
14784
98022
56031
74412
26154
3040
90740
13439
80108
55646
41981
56036
18008
86127
11835
36587
83817
93623
16509
17068
22046
80581
35386
28357
69404
30375
70104
22007
28160
13383
21393
97953
67123
11657
36911
18577
34269
8525
36445
84023
67050
75783
31626
4256
87298
26176
75962
20934
93566
57285
39244
5658
69697
74641
86029
99699
79128
23838
71277
72752
66750
20264
73676
34188
62534
32810
30006
68504
60039
46569
91174
11582
41364
1725
70340
52151
20230
32924
58008
34950
95611
57840
66225
54820
59821
69244
32297
64635
90495
7456
56976
54433
51875
8563
75890
16673
23806
56991
39762
47572
15275
17469
59728
81095
35557
45348
1438
92073
75707
297
38097
76460
66864
80991
95038
80812
49137
20290
86345
79214
21045
55980
28781
93548
56723
52530
47268
87994
79699
24572
21346
61183
21636
70445
12432
70209
13587
38315
37528
72411
44217
36316
10175
1569
69981
23415
13879
89241
29579
60605
77650
96570
10091
10318
5886
74675
38959
1944
4807
28939
92784
67133
21878
24676
4316
43523
62338
89680
27241
78574
45966
11077
68072
25013
3961
37430
91170
16708
53335
83487
74345
75982
41276
36385
98246
32623
87429
49499
15721
39983
25432
79256
55722
94302
84471
8972
33
93141
28154
50337
23477
59522
29193
65400
94669
41688
3307
12051
49469
72593
72513
96060
33387
74709
77855
7215
86330
6933
79175
21792
73555
87564
29990
13182
8220
40839
33739
87021
16242
40109
51562
18352
32901
17539
44519
32789
85094
94578
12834
33877
11195
29966
62209
5820
94173
68989
23220
60132
46144
32611
89103
7927
81804
15298
24285
46275
85243
22573
39072
70290
31089
48592
24937
59612
11391
26333
13744
29589
8055
99348
42995
28055
26634
31293
50710
24597
82272
60188
67613
46589
64326
24629
13514
91737
71083
5883
93202
44902
41273
1982
50258
79568
47782
70719
79458
71117
57153
72130
23744
59529
51963
70457
94362
32152
41877
50274
51997
98310
39664
16013
44192
73019
89441
21944
8954
80003
97943
36577
11781
19564
10182
99164
47138
28930
23549
52995
39712
61509
24059
80343
43543
93646
58630
37068
62046
63457
64366
91833
60291
15662
48965
28256
38158
44278
16194
68245
97346
51536
89912
2280
89283
80189
35602
27081
39888
44757
46710
9620
2816
37305
28139
12289
34531
68095
1077
66303
76539
23883
17753
53333
62487
49541
29497
41224
82477
64990
9433
70636
70546
17486
20702
76807
91755
82378
44639
91032
49164
51083
29632
52036
51709
40084
82774
58014
76419
13276
88584
46619
33695
90540
47617
90479
42269
88247
55286
61753
8895
39290
84779
15583
29132
49767
84180
13332
36664
26806
71355
78043
69102
97951
5764
88638
69465
81065
42123
3114
64259
91090
75865
94560
91659
12178
99988
88053
17283
86693
23808
51044
17093
42879
36653
13798
89767
42904
33448
82230
83392
40971
79838
44943
40965
72541
8909
98094
96746
99363
13087
40697
70461
77229
99643
48446
79520
99709
64910
6365
30729
56025
76999
56682
54449
50062
23743
30229
7026
19441
11527
13368
5469
26523
25977
94190
58855
14000
95059
47970
68617
30024
90681
65814
35735
73541
88156
88223
33587
87586
81679
62416
96187
10527
6601
98635
88132
72662
6274
97420
42021
96306
33266
81646
12183
76054
72562
21952
89074
43986
56243
55027
10902
79393
6233
89862
49045
53714