64696
40491
73816
85673
33838
94868
95625
82526
27763
28127
21804
95226
51178
14042
72478
21446
2621
22419
12506
28882
4604
12814
89318
85376
94591
49791
76349
58155
34716
49581
76988
59009
50112
33742
91253
9510
96522
87822
44979
2931
60462
95842
2200
523
66174
51848
84704
38342
2038
18723
49276
91242
13718
1357
87417
3088
92782
76522
92807
86672
79569
34690
80983
63553
33972
49060
59252
63456
68903
31553
98243
93281
76246
72851
93017
74728
78621
43446
48032
72467
25830
81909
10849
41070
18329
81120
93246
36890
25438
58315
62103
67858
97747
97153
10058
11113
12844
57657
15316
75738
7905
62617
48800
66102
64891
4015
98427
28461
84786
24342
57753
69885
46512
72876
49822
50842
3989
31400
87199
22121
57297
25015
59378
61871
1621
9357
6113
55928
59588
21308
73716
40100
16636
70958
10341
49116
58908
19316
30999
17951
39829
48104
40957
3556
33644
25484
89318
42774
86653
78026
10198
53306
81643
24715
25561
6925
82699
14225
76360
76428
94396
11230
80439
66421
35306
98397
71154
96077
30127
65794
30067
65880
69616
73362
84344
34035
3001
86627
62294
83743
47617
78714
7257
58907
75220
46006
23226
34740
26904
38763
61684
83180
73592
24572
81667
48359
92628
32521
54130
76266
47075
23361
720
70972
29054
47210
40155
30516
67178
86072
65270
86836
67409
88622
23020
26089
87948
23829
31389
33262
62320
45445
37484
33325
14695
18465
1170
99212
46066
54292
31085
14392
97264
46334
63148
15546
1841
54056
12015
2913
74725
19368
77227
7255
12425
98101
53257
97698
60716
19202
17297
40923
1755
10115
94033
70585
62090
56725
69554
31166
65746
18727
68111
29308
33535
50463
98985
32726
98243
99996
66018
4593
50151
33611
37346
31828
99584
6070
28923
23053
49750
49352
64053
59231
84470
18643
7845
2918
44356
14431
38660
42430
3032
8906
95498
6879
93635
82625
69036
73287
55458
51702
47418
61468
68296
94382
61219
12370
45680
54419
84494
86082
3498
22644
98617
33914
21902
82301
38238
90937
70467
26600
28902
34898
33359
39292
73810
74647
74592
49870
35539
14403
27909
50279
42302
93506
81711
88730
74645
43945
99435
64366
95998
17172
85056
24118
29174
65247
49151
93859
12962
86395
90962
1611
42358
75629
70779
75999
47303
41189
74313
31630
29198
3079
44768
44397
60600
73368
25350
65585
91557
67542
57991
30761
99149
61196
35175
94561
54682
90852
56419
9755
94505
62772
86249
94314
86164
26958
67520
44754
60939
82065
10571
664
87331
68304
45902
18129
78095
28727
1109
82142
27736
56088
44369
72148
57930
46676
84431
86521
52278
37908
20987
80224
36841
84195
6650
24649
28244
42471
81629
44898
23918
56627
4941
10530
28891
71060
1622
15669
29446
48579
39190
27461
36002
82337
64308
59710
53915
4275
68610
537
99117
90749
22524
70852
23028
95409
10127
63072
40239
17072
69425
78469
62270
94241
56071
41006
80369
39284
53024
2450
81031
16948
93055
18495
56830
85003
74973
52465
75533
67561
81876
11659
55711
28267
25871
72636
40005
12470
54862
22031
81416
80760
78141
20438
23238
54745
13728
2387
30963
30960
36184
78874
66824
36653
42630
52225
7870
7847
32403
11940
66584
21299
29726
37506
19958
50447
26127
73499
30738
78751
26195
15807
41100
90900
27035
25679
55960
39194
13698
58463
91726
90914
21214
17939
38334
49996
52011
39808
60234
12154
49936
28709
27636
16305
51049
70132
17883
68494
92958
20496
3802
54131
91036
94039
32295
33828
93319
44291
13023
30242
22309
79130
3141
46175
37945
16319
91279
85812
48340
35991
5272
13464
7277
90060
40006
62740
3859
4233
10098
17243
53318
44851
51283
95328
56897
52746
45313
54722
35403
59873
370
7086
65854
82585
29414
6679
1634
8189
49844
35810
24889
87569
83284
62093
51945
36249
91147
255
41971
68411
59653
64657
30039
45312
20886
23277
45728
13964
18410
82745
31675
97862
23143
34186
13396
85030
44576
22629
45653
51069
36492
61182
79211
69021
32038
95852
31125
65514
54897
95421
5429
83037
88688
69983
81585
52956
27525
51558
90117
17182
97573
46537
89279
41888
2869
76624
30083
78060
63523
65864
98063
17636
58780
91916
31382
52177
94452
29479
76680
56709
22509
85124
64103
82178
73571
89638
42980
15401
88116
71254
62905
68155
30312
24540
76968
22253
16336
66316
52840
5239
38805
82390
55247
45521
5183
13310
83947
53609
91826
90097
97870
83689
63366
89509
46282
64319
14868
61524
39329
7849
1791
68237
84417
68494
80981
50666
39867
14214
60741
72017
86031
54232
2469
23172
12704
85732
86150
15334
85321
22936
55433
53224
79471
77630
35312
26062
1012
33957
95161
10482
44741
39128
2852
75083
55658
90921
7573
3427
55516
28167
6836
55052
83015
32330
74223
85162
93390
24856
38663
76400
48868
15543
21485
87711
68045
96610
52506
98185
55370
86094
25288
67486
59550
77168
5524
8542
18143
78868
71376
28157
18051
68581
72395
56542
47503
40228
16814
35452
48913
13508
69619
418
32727
13708
25569
69512
40846
99994
5110
74403
57186
64812
39630
45546
77681
67390
53451
24334
61353
50635
3494
19261
11030
20168
24390
7585
71872
4367
79215
77614
47875
15100
2653
30479
39310
77100
80900
93644
23525
15565
81240
28209
95328
51283
65047
55429
66827
66428
62269
20448
476
76717
90919
48750
64649
67094
14479
60057
44172
91630
65032
80703
13771
25752
92892
56485
90205
32647
56544
39004
48662
5191
19227
30385
94357
42231
19920
44969
2338
66648
94815
1262
65954
71092
18785
40691
80569
26811
81870
1027
9491
52228
360
32091
11094
74490
66214
96417
39262
19802
23548
92090
88017
74330
64787
97153
53343
84396
38684
41316
51815
39021
95960
70125
56254
55046
70548
20694
26550
62324
4383
69362
58824
21186
97942
57619
49768
23599
87220
22331
91855
70333
68102
60931
43868
47038
52835
15436
23996
95258
52560
27949
49971
73948
61761
17483
61085
31392
6087
62795
45281
66381
60096
31139
41555
94241
80749
65881
80168
78704
60401
72435
29137
12298
16583
90748
90229
11771
93600
9089
6782
1175
62017
5641
47913
37675
14072
2294
38441
9782
95391
38388
92888
31460
82878
3830
18552
17623
98798
30351
17979
36967
82664
88686
30778
9001
43428
12733
5859
61551
8001
52865
16995
62585
76534
81483
67180
50452
97599
15389
10818
33850
89370
36013
53718
41066
52740
49726
38423
51154
64997
7985
85122
49824
80344
18705
33742
32647
23831
83185
33594
46171
90065
32985
24555
55239
30636
91414
24870
65837
84377
35657
30151
74265
80705
85122
24764
5266
98594
28912
94926
79651
76000
36493
34993
19470
70583
69945
10576
83353
79430
32374
99445
86964
14297
31895
20446
63262
12391
74314
8348
48846
78916
60103
66318
57210
60026
94537
34176
70767
39906
2631
78104
60222
47478
2585
73061
54862
60452
86820
67212
32726
32972
54791
88433
87989
34177
20706
96585
33500
17363
22709
49032
77794
27322
88466
75906
79963
12243
7241
72470
73274
76161
25017
69280
21026
86989
33472
2154
63793
62285
5670
82982
11690
49639
22771
60668
95781
24893
5025
27388
32780
66743
17623
18252
16195
50657
9007
49370
28496
61796
87686
56016
27202
28868
55120
48309
50989
32160
87365
36551
81036
50630
5305
80942
13490
83275
61254
61142
84630
57827
67697
93278
99598
76524
70633
84318
73167
17782
82532
72660
6625
95956
79820
59147
11148
66187
32540
27049
2892
39281
25238
39996
40840
65174
73208
69662
51912
35210
69025
71342
11144
69006
77523
27720
10268
25618
70142
39729
9097
44886
1382
2486
181
22612
83396
97610
81233
99641
65285
53459
874
23629
46063
86084
52302
76227
9566
61321
42797
43341
17310
36422
22156
16514
72599
42716
93866
34486
83901
86783
35162
96996
36640
31043
75131
73813
28760
42846
25212
35427
94798
62684
41614
82393
74507
6317
15379
98557
73839
67683
53747
29044
66237
55208
48501
58753
10007
57445
64630
42645
67066
52998
68455
55940
49579
95140
42682
43264
61555
33530
71222
9440
80115
65457
79745
51103
98204
27322
59973
56787
4698
12184
53417
99717
21402
2474
38400
32650
56902
68501
45862
63810
71304
12219
77659
65975
85888
22999
46090
52672
8462
29791
93332
16616
32103
33730
44808
43790
36338
93247
40164
89081
18961
70348
37261
41042
84451
81899
16541
46811
97475
55068
54244
37749
62351
42642
67249
2884
13689
11432
56906
21489
62997
78586
29953
47928
83753
67941
68768
9962
95647
45072
14384
46154
36117
10357
27589
37801
47810
27333
12607
85859
6654
43394
72895
53480
53624
81599
3017
31416
96117
53568
74133
62718
86192
21346
46958
26140
94763
97084
12596
20284
64052
1442
58239
71967
64456
27567
62971
96504
74013
89960
84383
39887
40879
27164
9400
53035
877
598
28169
30553
60793
63295
20074
68286
82964
73316
23698
56225
6564
44683
89116
93551
676
38083
40343
26181
68754
85086
32532
16592
90885
31990
66281
81871
37286
79738
22824
22827
77649
66344
29622
42629
25646
66470
2138
83828
65849
21321
53297
87003
97746
68436
90210
99237
11485
90237
83700
62258
86748
36790
44523
28185
26569
1966
7394
14429
10723
40668
98874
76717
88842
40168
55570
35797
1551
65682
48318
96888
69994
96577
34218
36220
25862
43141
77277
86970
56295
71631
12454
72212
87373
91901
76862
97084
97344
50724
58236
14749
19946
93927
37235
92412
22953
27729
56186
53000
47273
36655
4624
70081
16939
60556
11214
33653
32124
80391
7985
11052
76919
24083
58336
16611
38034
19559
74412
79982
33709
67902
95788
14175
90490
52483
59521
35063
11425
11788
76294
45690
32304
18991
77902
34044
59058
94064
65853
46483
32508
783
3286
59989
59908
24555
16655
75049
13775
48727
20301
77744
18552
60180
48339
56783
87233
54058
21104
38795
82859
10880
31707
97576
55045
8290
50337
17351
77761
76051
78779
15275
14724
77162
48171
40564
79361
20797
89147
33738
774
86429
34773
74426
80011
50084
24181
46271
26472
65325
32349
4993
13131
50597
21832
16665
59664
57083
92389
89962
15723
30764
48653
3887
93241
88631
67757
83992
54689
83923
23766
80287
94943
57757
56301
59962
26852
57253
84296
64378
76918
1066
98724
98269
25522
10121
38898
62444
79738
97516
11291
61036
23744
5608
4113
26344
10234
85961
69080
51007
81899
18664
7641
58240
15206
14475
70292
32548
58357
42773
430
48456
71163
39301
14892
99549
14865
18143
997
10921
46196
3598
47578
34113
37265
3129
88759
62122
11573
23935
49709
14753
82372
14295
94365
51439
71480
83787
94128
8421
20747
78340
36339
49383
39598
61073
22357
43101
58114
54203
26402
81123
19333
5842
84545
49366
78106
58891
34325
91873
48649
72146
45947
83175
15241
15039
43488
53032
65378
1550
25538
58751
81472
20980
27114
68136
4585
59569
51635
84468
5214
2442
33172
6127
67873
40444
53860
75864
90585
73273
28983
27380
92375
57573
61183
33410
39915
12830
32473
79564
89447
90498
70524
77084
85118
91791
48208
21152
4911
66065
33550
42421
89791
38230
58474
71978
85047
75334
19909
28124
72525
57368
18748
31052
68354
82176
34493
43970
90521
28325
46375
32457
4005
32862
51055
74814
81548
16140
52985
42514
79579
53207
75167
32054
10848
85968
22282
4065
90157
66968
16854
38510
60522
87234
88005
50681
96050
15128
29324
96737
85643
38125
32241
65483
16777
30680
27820
83654
11453
26244
31657
88925
61518
3978
94775
61496
90946
6930
50971
81794
14351
24415
62370
53501
22605
63566
31063
34227
64203
21858
10440
70285
14259
87487
44318
15648
96036
85738
56200
91606
5375
26819
19508
63881
49190
88516
92915
69083
54180
76114
46292
44655
25656
89402
34626
38309
38610
21565
23647
91255
52306
25733
55381
86429
18052
59398
46962
90683
32660
24882
92687
24434
94955
14745
80353
26008
98496
58876
76725
67186
23777
78437
42394
52796
82861
36016
53757
97100
4080
50455
29815
14215
98320
85799
54394
74187
73507
89560
47937
55926
81552
63025
58596
87697
6956
7235
89954
25550
14342
90196
16921
69286
27116
9616
8246
2463
12911
29851
51173
12085
97912
39547
63824
37448
41684
54303
411
90097
76263
73665
92615
53399
66677
16446
64309
18834
15085
56852
22345
96413
90713
17935
11146
54528
95505
62950
6762
68204
42524
23784
66951
9665
35949
365
78734
29775
40813
62438
17353
21543
29830
45436
87216
53709
35554
60899
71366
94311
53298
43579
21009
1716
30604
56094
44626
59890
16455
61594
81508
20396
81725
22796
947
973
11339
28720
601
98034
94756
2380
93757
62081
51547
51769
64373
20313
54892
81196
85799
87867
17917
47282
32493
58255
68169
22956
40599
49101
40244
92528
18260
74242
23072
71123
76582
77013
9032
42172
54099
7981
38408
7686
4715
75755
10303
67101
43605
93858
41879
18215
56473
35053
21914
56843
63405
8821
28430
32970
88392
12303
23960
82846
77132
15324
42981
95929
16551
56035
77173
9807
50198
22186
63983
68182
71148
98990
26628
95753
96498
94617
34334
17802
71207
27333
65367
35733
37565
37486
57542
57241
84081
61078
50151
11000
93822
49646
81659
89425
79713
70444
71033
69719
82239
49341
94092
61167
39526
45429
346
41215
61732
34786
55862
70261
53869
55156
496
39017
11228
89059
61009
28828
38878
83913
46497
71744
98631
13369
96988
94892
34226
95356
76936
35764
53959
16791
83374
85161
41327
26758
63952
69855
41205
9292
25295
45650
91882
65183
3848
93086
55276
4874
56054
7648
69670
2616
40233
96139
2422
95229
2910
6424
87791
6419
91840
78672
37689
85790
19149
34365
37059
11564
25763
46448
42765
77061
76235
39768
31845
85260
24900
45231
16949
10322
78292
51257
25768
13084
44817
71910
19699
18970
44810
7704
16967
36949
34052
27153
97599
7344
2255
5080
24354
31816
13333
63313
96067
40948
8007
54204
63284
15215
28790
612
89664
31180
52185
51702
61106
41421
72440
14649
72904
8744
14475
89733
20494
47129
6712
33469
27632
47940
435
349
23575
89684
61549
32944
8004
50588
49638
42926
29031
87633
25318
312
69849
18397
20268
24204
56471
57983
41416
67804
58755
27493
6876
48636
13486
2523
31420
61191
66126
6141
91039
71729
32539
40795
52623
27040
86621
39945
47342
42015
81149
76499
44447
28029
48600
30928
2477
16505
88564
59527
62318
28811
82319
36683
16424
7668
95919
54162
81913
86176
96400
58401
49985
43783
75102
89976
45506
48533
70433
89388
82101
41927
82431
36773
31689
18058
94584
76672
28535
78266
18345
84117
22529
14089
14499
52245
398
53896
84226
19703
58326
45712
59767
28752
58811
5700
51660
54507
23246
12702
34230
24011
13597
44259
74199
35701
52155
46227
54929
15134
53415
47840
60923
95006
87671
54364
74389
111
95017
75463
72496
34908
9199
21183
42593
73333
55740
56659
55815
65823
49349
38665
38492
31824
92181
90820
10536
15828
92799
57497
32213
54144
15966
22833
20140
97050
88980
17041
74137
50977
87114
62976
38855
78464
4584
1552
87060
18057
79318
73017
26965
30543
18816
30782
27137
96009
16601
42566
28734
85032
85288
15326
46476
72200
91826
32379
53127
69444
15565
21825
51772
88054
99279
88726
42046
60315
26263
15754
65674
64365
43251
79473
12027
87034
5595
39006
66941
64263
96733
28886
15644
43779
19073
56700
82644
4820
80076
60368
88913
41555
4145
5454
9233
50083
89937
75661
23501
46626
96862
31560
2708
40696
17974
76617
83481
23227
23419
80127
12309
75919
4300
81269
39289
26761
91927
44425
58901
14051
42185
36104
55828
99152
43225
62239
96109
43895
26267
51723
3914
98676
87215
66600
52178
14441
75280
23314
93858
92915
10601
42752
78897
83824
38506
39325
71268
49807
49748
42688
96369
31028
15816
51398
19913
53751
43888
16900
76080
6314
94734
76494
69272
4455
59880
10191
44461
19234
9004
69659
31347
49821
58529
89535
67485
15424
58633
19932
86293
41118
15331
35943
86144
17724
57126
78675
36234
43742
67567
5446
64910
69142
3214
25025
95001
4250
20447
7831
13398
61942
777
42758
47499
45569
24382
55534
56761
92138
81141
78521
44632
65645
40902
1950
17255
87089
76851
51025
77692
69703
88772
32673
86774
61286
84489
25748
39665
30044
53078
37254
55851
29065
21306
30838
55344
44523
37640
89999
34985
77553
46131
48416
67854
33865
63178
43068
27169
90991
54396
44541
59213
79567
37971
24957
72986
48892
16605
95836
87208
96350
51201
43706
31331
75019
62843
30968
35205
21992
52136
29861
4270
21707
25925
29269
68759
57668
57722
98187
6027
59656
23249
41894
81072
71313
70685
34578
72107
9832
50738
64462
93405
21494
55022
58617
5480
18922
41062
79590
55076
44099
18842
6011
20732
36983
85926
2027
10854
10079
30857
81903
14226
35038
6245
96475
26191
44842
93273
43257
52803
27979
55244
93742
63368
14562
56182
66732
83494
23119
4117
25226
35633
85484
93745
7645
68448
32473
77309
85522
97434
60068
22172
50424
39831
66743
70168
1058
16928
71993
17022
4836
5908
61272
38451
3039
21011
91867
21469
41425
15560
4591
71356
73541
66406
33850
53905
79326
23530
36136
59338
90822
60514
23406
44270
76153
72991
31242
26910
79741
92927
2375
99698
84582
1538
93559
18845
87867
12488
54101
9887
22139
84136
17107
34088
91244
55060
7780
14008
95301
50184
10365
33941
21188
73154
94653
1420
88188
24813
64989
92904
46819
68551
77124
42705
3067
96138
15714
76993
9547
35662
71406
84449
43967
4119
22294
1183
17818
68385
32293
22716
55045
2500
25893
82742
62846
84983
26894
84126
7577
88020
47275
167
39917
76376
44993
71694
99040
51359
5352
65132
32099
97976
48443
57350
48092
59472
56285
25472
33414
84913
19197
60904
70543
37832
84982
22692
69677
37510
49990
68121
99786
26671
91776
65524
38104
11310
34713
43941
90905
93732
47028
40380
15793
13510
88057
85772
93377
45694
48139
71531
20202
50745
40638
84880
72083
13538
92854
86274
8493
1309
88659
48475
66720
48766
19623
86836
41589
83007
76900
907
65748
12994
54284
14030
27845
74068
89937
5248
80386
97856
83111
45833
1497
83365
94789
81857
82290
69777
50269
59803
21771
665
43580
68734
92915
77700
42188
46707
13076
90354
90669
7203
88808
32508
787
47997
44170
94854
17531
37450
45532
36364
14962
92228
59296
55787
52378
25519
27064
82444
58376
25897
78809
72915
24005
48614
35528
92256
36853
30406
14095
43889
29749
14408
75627
32178
96622
68532
75810
23646
86009
83620
35274
64420
67783
90271
1070
25151
31482
61707
60005
63748
9439
16425
21711
8966
37661
25649
73784
11365
78690
72840
1247
8562
10041
92351
58934
78989
39194
41649
76306
31613
59983
29747
97455
78157
68824
63346
14234
19679
45316
63672
20154
71730
52769
54727
47969
82600
4692
87277
81044
23126
41324
4065
344
6954
96351
47778
78302
78991
72147
51512
58424
25572
71509
87161
15363
24349
157
22134
98094
98198
39545
65241
65881
58159
97978
39584
80926
87075
20709
50056
39122
18138
62230
4950
48184
92210
80267
71270
21456
80123
93791
43051
80008
78203
72098
3822
26200
46310
61854
80615
38045
7095
92664
80970
54882
50888
78149
53705
36854
49779
57433
20329
75854
67833
66111
16665
4274
55325
19693
55337
20802
74367
17653
13035
84955
82462
90919
26556
55835
14625
88670
810
88968
58699
19941
3906
63524
79483
18726
74209
70903
60004
25624
77489
75409
57937
2229
10005
70023
61111
44065
56779
48283
49607
17494
33555
19328
85623
71986
29393
34997
25446
84378
22268
89354
17141
42779
51092
66085
91406
11146
48739
11665
44115
14228
40990
22068
18479
17713
11755
44899
95487
84118
34141
65559
82075
85049
12253
53287
22361
30544
23373
96087
4340
81956
11282
18247
18248
10102
42116
55626
64893
45636
65422
76980
59796
41758
11642
76318
70366
14246
30312
27025
55117
90733
27555
45801
40210
5779
15640
64067
80063
39386
8754
6108
97067
91675
91205
50027
99514
25174
91973
49282
25916
22809
28081
6729
1499
14768
28958
74830
93944
77869
42749
49581
76710
3744
25373
36909
98759
72902
3987
50677
10139
9022
86218
77208
30479
10505
23472
98669
87514
62884
64598
80023
11038
45717
5165
61833
78282
63614
56131
46927
97253
80942
55520
50431
8415
64715
41360
10920
30343
55902
5771
70133
92944
55977
32701
19333
42619
34834
93888
28848
7088
32271
69765
10450
49114
40080
12590
40333
91260
82381
21946
59952
55455
11898
35312
67364
72033
84346
6236
7134
61436
53085
30429
92241
1920
99305
8760
18951
92607
35851
84626
73516
45778
29871
35200
63590
34482
88747
88437
33169
57007
10426
24418
5603
69987
65807
53436
84501
42937
85903
92040
81074
53588
79631
62148
5089
83857
36080
20689
19573
89930
89294
92597
79098
30493
52235
93758
43096
5264
29208
55574
42197
50542
24608
28963
75296
2499
73637
79047
51799
16818
24773
82833
1825
98781
29754
45932
77704
69824
96021
34511
36761
44272
94049
70186
92259
57564
38199
76185
20726
41632
32905
2632
14621
4828
46448
7672
90782
28372
3780
69522
63825
56503
10948
96410
67906
26226
74264
54772
6887
39670
67980
5630
80678
80862
37677
34377
1781
11210
57073
289
96532
82671
19414
23951
41718
9048
79388
30672
33668
70163
66987
92196
99993
49899
14534
52118
44670
10145
87501
5616
86257
14758
36548
51691
80235
55439
26534
90320
57879
58997
36123
98282
75072
39311
81716
48459
14644
67850
28141
61320
63529
77154
60231
92450
40597
27399
26363
7429
84953
59598
73499
91980
80065
30897
49377
93483
50283
48653
42929
94379
57824
12612
60866
6384
61167
42653
69103
22373
1330
14737
12489
24722
70077
59862
58345
27802
89652
71174
74830
44782
21473
88211
25571
24635
52710
23017
16248
66066
68417
21005
57092
20149
43826
32207
59622
4968
37602
85746
44861
3401
58509
42793
24700
27154
35453
14400
6595
75103
45296
99836
19133
18405
41114
42539
20310
99543
36183
59051
90585
24418
87030
83800
18940
70323
64522
17501
85292
92472
29564
28464
73827
80565
76231
38475
8607
52209
34391
2398
19606
3718
47967
9656
99009
45409
89444
91512
38889
66509
94007
41442
18682
82531
98879
46667
28008
47149
91782
59826
38014
505
52246
60407
5905
38758
13158
73439
62916
24776
25881
50652
97894
68390
2072
69636
7393
65134
83700
73801
51243
72760
56329
57352
87638
38717
70778
92505
1323
32529
92976
90662
87050
10876
99156
62839
75509
1551
8104
29621
2745
48273
58375
94643
35441
46096
10734
87795
48335
47580
7172
86391
37806
70081
70606
92544
22088
57304
26663
57395
25615
81181
44069
40418
62052
40786
58893
81840
63035
90893
76145
35788
24786
47360
9886
30336
9282
94600
56126
92525
26882
27691
38596
47228
75572
49698
52057
98527
43907
56272
14828
9025
43752
37039
76963
17037
43528
24556
17228
83354
36492
12800
37838
97341
70262
62629
47959
21754
49522
60305
19478
56159
78941
99533
72013
74720
41051
62221
86190
83031
1301
48800
11562
91660
47329
26864
34963
1593
80571
69524
6364
71924
13256
69084
13880
7447
68036
48410
41060
36394
49366
63711
49558
62774
8044
85136
14210
49915
6558
92124
69127
6192
65058
676
30155
36643
28490
74810
30435
97961
84547
20634
44821
42795
29549
55527
18102
92917
16774
60501
41705
17379
34839
48373
33758
95279
90846
98541
91387
39763
55271
67901
9388
17456
43214
85924
60237
12505
1435
18436
54859
86046
32687
82526
58033
41959
14215
75087
14245
69677
48242
62224
94151
90596
64213
15785
47955
53968
10471
54107
71520
18531
45794
92449
16152
83678
87931
14144
78061
10353
75221
21594
75594
81175
34813
88936
10699
81177
73964
97157
77508
24830
35113
50124
69513
4104
88029
86318
84066
2766
85579
53349
88377
36059
26715
96740
21121
34934
31820
92186
54263
33635
36154
32938
56333
77348
35851
51396
23870
59817
84716
13819
43214
21438
94222
62259
40580
39585
41276
31545
48250
64001
86621
51807
38889
24044
73485
12931
87075
26807
6209
26143
21127
85330
87922
8892
81085
26311
71151
94207
58509
24534
91497
32137
50502
83978
21715
9833
30801
6871
61336
51470
19295
29935
74162
73333
99564
67247
96999
97529
67304
63752
11655
68332
73505
30750
69036
34200
5134
77502
23517
44901
51889
94737
70751
83664
71390
63086
52904
65678
85246
92218
77773
62484
91060
32096
3528
47771
46167
4916
73686
31083
1091
48480
46058
8715
33949
26319
64416
22434
74407
71638
48748
31125
44787
52088
70423
47850
32063
32163
46541
35424
1170
65341
2136
48434
33432
10604
13056
62777
457
87781
38719
57714
66083
42034
97250
58004
2518
4846
98895
23952
51544
7322
64176
20339
13206
86132
72247
92278
31738
64377
92271
70630
23631
88811
32307
24619
60339
16488
5179
65360
85468
63779
92176
710
56523
99773
65754
73859
24739
13057
94848
41408
18238
95448
56864
83323
33173
99179
18219
6482
28503
38400
83782
34246
43748
89390
22983
42712
77559
87271
44060
50923
94772
66636
25442
70669
51166
21108
74900
89865
45888
40494
3163
27662
69632
33878
26794
79888
82754
64577
23061
83604
34495
22301
44636
38063
48941
44924
73859
15827
65266
93838
25048
39332
75750
9107
9331
9003
38237
47270
32239
97993
68906
42323
23428
88642
48670
41418
44345
92061
11150
93281
32048
11416
33189
97967
5518
46365
12215
71987
31839
26458
73689
99532
29465
57220
18178
16678
240
44155
16156
48486
7809
84125
62467
5460
97361
72328
55548
74170
45126
20511
83759
63061
95914
51232
36012
59161
37861
37022
76128
71042
20669
96422
72835
61590
49811
76612
91924
64286
53785
99257
91992
91869
66490
50287
83167
51035
57157
92431
55527
17639
94238
56701
35331
37325
82315
86093
90085
50097
20667
388
21309
31541
97428
80080
46117
33886
7216
16257
41849
43335
84495
16122
77779
12044
83763
68375
50920
69249
19703
75858
61684
65709
48032
59563
23332
40499
33569
84668
6705
22313
56573
19709
72278
67336
7701
77757
67193
49320
26262
72121
84943
12622
24719
61169
94184
49057
41870
82060
34101
47108
6581
66768
92439
31200
75405
26963
69439
54174
87403
1225
25994
67396
69097
16840
19730
58151
1654
61156
54471
67273
65481
53352
444
96591
57873
11836
39648
37417
4987
49425
75805
18542
1869
79902
23945
82522
19876
57165
96418
21090
16343
45604
61586
37221
48576
85010
42767
4355
21158
15451
25110
24196
2828
34063
89371
58756
96154
515
13003
66344
19626
35257
80732
87541
5399
85925
88972
20641
3400
5931
78875
98288
57031
33462
10315
70033
35409
12299
41945
49466
22878
63386
50320
12829
67188
5397
86786
32480
14260
25566
47235
51151
32312
67938
36643
32214
68441
85858
73929
37732
32492
61750
70842
97762
57514
80263
80757
51175
97032
54211
71461
44482
39285
34870
24779
57452
8195
27083
75075
2276
23245
6359
3032
2302
34521
41870
83564
46780
71334
23547
25209
53086
44586
52267
87817
91810
49712
24001
84266
28040
79314
42932
75499
36074
67988
84241
46678
68162
22773
17314
55322
90063
51031
9217
44509
9788
81401
32659
56800
82362
46154
38125
5181
9760
9472
44365
66459
32153
12006
70815
18280
76082
30981
57370
4103
71382
70520
68220
60125
77186
71249
41464
91221
23093
85402
98190
69685
23128
63305
53371
2024
47451
5697
91938
61449
81113
55797
65820
64998
3293
65768
64283
41686
98616
37172
3296
68420
34306
5567
23218
41949
60741
13157
10942
99355
76459
59697
63545
18244
74995
85397
31215
38796
78317
63246
98356
78589
48343
49223
27395
23207
73045
794
4707
85711
10813
42254
98709
54993
39906
14493
43903
26434
3815
26215
56836
52223
39289
53600
22857
12428
92114
38408
20834
8660
266
42447
56068
77526
11473
68779
45563
49274
75897
60237
69825
43871
87346
4433
22145
22296
13824
4712
11927
29069
91311
79740
37951
50210
21829
74190
58395
57802
56152
19699
76197
78729
41172
9332
7564
20110
14472
46254
54793
48313
7081
81166
23530
99065
95929
8877
76526
63644
55946
40968
68726
68096
328
76391
54726
88297
89109
56824
32391
7613
94803
24982
39562
8607
42871
88558
43940
80906
62438
49158
4014
87485
59734
29620
70171
72646
37988
73643
83361
64144
13589
94737
58558
13490
50527
94421
67750
45124
65537
20206
96727
71370
99540
5385
88384
26683
1535
43576
58272
90062
54953
6006
72623
79914
7312
46948
60560
2305
43992
6114
10252
23679
83498
23929
95549
67383
16255
132
7460
65192
83172
66569
24671
35202
82033
33428
90400
89006
25295
53905
93658
98143
53036
32835
93013
51055
68820
52858
58479
11664
26253
5515
89644
82665
5691
80713
27583
75572
10758
95430
47101
30556
26756
69204
47124
75964
21132
74591
93672
58912
95341
39588
70708
61207
4977
50159
93112
6581
90180
26784
39031
76755
16948
20273
1222
37953
24597
49841
1428
44426
17700
11469
44373
80860
8275
2087
19861
3797
24769
65732
57953
25199
28917
57548
13204
25695
13361
58250
34116
71252
77400
14744
63561
25847
66911
31854
51829
19094
61278
6855
1588
5386
64024
85461
63197
23516
9843
38662
90389
28637
95122
61858
11456
49491
98729
79350
47463
2164
51002
965
66088
281
59695
81796
23470
97847
8332
20583
14353
95351
27350
81049
40656
22909
2364
62191
6107
41876
97913
30356
75939
78943
4797
5528
33515
10361
73383
19720
74958
10775
47565
50092
71781
706
53261
97829
23668
43209
48155
79704
94487
2483
3052
22339
19661
97058
3595
36359
32278
45743
60263
84403
61565
82271
75210
49333
32422
97850
54317
44933
50480
71951
69960
84932
90342
48752
49021
25188
14998
70874
5597
18119
43610
52243
59582
22453
69780
36975
3161
18141
2553
11291
39907
35193
29062
34443
28496
82298
71472
62890
67230
90136
46277
33513
71724
85978
84065
29123
35177
85
26830
77429
99490
44157
65742
34674
40318
62202
55734
25363
83956
13715
42593
84167
72742
59323
847
8894
62784
15522
3554
84503
63385
4800
4430
77771
59923
97755
47831
92148
84797
38178
69671
21931
62856
19140
26094
74647
45982
83979
24390
53260
80762
565
41950
24065
62522
44317
32130
64240
91520
62132
67716
77496
18306
20293
59555
32098
51300
32977
21126
85928
8748
48135
62899
71297
66023
93209
28072
61341
55318
86407
20746
85841
22237
47670
66418
40967
43694
51900
8451
64720
70490
86535
87040
44176
48020
99347
20799
50446
53459
41950
8346
17755
17781
62573
2710
21796
28734
36309
70781
31341
46705
7658
30757
59363
54623
76305
75753
34215
83031
68888
88215
50987
18832
68309
82336
96054
12637
9761
34906
54195
31703
3576
94805
11030
74527
85275
80378
61751
97595
80643
98284
46462
89539
16421
6375
2880
99893
28851
47291
24758
13810
96473
6423
72376
69387
6364
43195
23327
14018
44669
94725
33519
2133
56122
24617
90565
15784
8797
6849
14840
43560
9741
81894
36978
55670
72440
60941
42076
54137
78792
54347
71863
29551
73508
18564
6922
18140
29369
12479
23475
63331
20291
34421
81824
82999
69326
84906
92395
49203
90618
75440
42579
53328
78741
83735
60244
75639
70891
83007
88442
32641
33686
89495
67260
65804
37711
85456
91999
71628
43193
28747
94963
70122
16397
71091
82302
34823
66032
13723
13254
35406
49028
41009
56172
26541
14333
77311
60088
16995
73858
35327
91913
63096
58487
31866
15221
12529
15862
70986
31754
59866
96413
89742
5117
17098
59618
58455
34389
54679
87192
86926
87977
76710
63847
44470
98235
44768
71672
43831
29328
69339
26271
85152
40584
96575
45124
27543
93547
19370
90386
76101
1836
24300
74456
45406
26990
49417
14796
57696
40701
74884
89458
11217
83658
47797
94968
89430
31222
68632
73040
53716
7718
81624
94087
22391
18796
47013
56026
87025
67547
1081
91087
44994
5061
10556
40914
26365
12664
71509
50569
5202
24358
51824
98420
9007
64762
63899
68333
44598
32526
3714
7503
99546
3985
38675
1775
13327
18628
51208
85087
8241
19845
35173
95045
32804
79231
56176
49249
90971
74369
33399
24077
89010
46193
8706
57670
9314
96892
98401
28800
14778
80985
84549
8442
43658
49520
78175
93859
79411
16929
6188
29306
78452
33667
92001
33986
17158
1118
307
25738
37224
19482
46139
81546
38140
45699
36340
51212
10259
53365
96624
29040
26564
11822
79459
93445
22732
18015
59686
419
24894
35504
2844
85027
32325
28861
4572
75880
5449
70143
66184
20384
72416
95370
27969
8451
7989
59188
43666
76653
64358
32753
72700
66417
15632
29815
98460
8290
46521
60510
99389
13701
8291
75297
15924
45964
25193
49372
34249
84950
80546
99409
1577
49678
73440
71168
73575
82239
87994
76342
72900
91046
32501
40119
21752
81271
63446
49847
35634
9340
59511
43593
49679
64615
71353
92156
16886
19434
38907
8923
64374
4342
43537
14421
82163
14095
41308
47493
77232
61736
68626
93446
64483
46654
66246
85562
69521
63218
66535
5587
45282
16175
45442
93530
54517
40288
81052
80760
90803
62964
78481
31402
38320
74322
73890
23457
87803
66143
36354
75769
68290
5284
93394
59109
63520
24021
93105
69647
97119
33500
40061
9361
77243
23275
5971
43252
55810
36462
67809
96800
69342
34703
13224
19384
6135
15230
46748
85636
97738
12724
29030
84838
40859
87991
36916
3873
20593
81079
62912
67332
48546
28985
39933
20481
10104
36901
24310
2992
19834
52114
68796
92354
74578
31918
39387
6033
14834
63288
27738
75337
9600
90121
37447
51281
73941
28300
90023
35195
37844
17898
10549
95454
64187
52005
66789
70423
47753
7605
36451
83912
2753
38057
59345
77609
31705
76376
29953
6982
71243
890
22257
40734
51027
4078
79577
4890
56641
81657
35902
54282
3940
41582
12718
32525
65572
54444
71823
51706
88615
40778
88379
68315
72566
52631
79605
63590
63700
65971
27640
6959
12135
29457
94933
86414
63869
60114
249
59505
33620
89262
53798
13461
12588
51993
74859
75849
48634
90679
79833
19628
84419
69503
94663
89994
2443
51282
32129
80320
63893
33364
89933
3042
99488
32107
70439
81896
48261
44289
28475
9946
70583
57088
36607
44565
59384
74232
59832
28475
45997
24902
90021
71773
81982
97811
33910
94002
98335
68880
30341
43966
8855
81075
3905
50277
66527
36356
3496
16646
59598
9979
73838
35881
64045
83486
99346
71424
76961
72712
60346
67311
11996
95985
28748
24469
98049
56070
42682
45096
78264
36919
49938
31482
13534
25037
93016
3744
21628
14780
42324
4363
72592
89206
72965
40228
13966
20576
74242
7889
88236
18594
97954
26162
35320
60862
28199
77878
29341
47735
57527
51939
90124
51998
34485
71179
14814
88801
60487
86347
16898
28115
35964
2211
44391
82572
96869
74399
20238
56111
3196
74409
61522
97336
91013
93515
18842
18540
26794
18169
43199
56575
70116
6316
75784
8092
76324
65039
38996
27733
59291
52041
46631
97788
72139
36204
52855
2158
87710
60665
47444
58653
84651
67099
65901
8514
39648
93013
20249
88076
29714
4145
79440
36932
81164
49679
90190
18438
8778
77890
22405
53211
23623
54158
61977
48003
52708
56245
51084
34960
11265
95310
31178
51487
43853
50714
78858
53338
65486
88820
66456
96441
46001
72542
82593
18272
57843
71306
90807
47987
22706
92834
29755
18507
55379
41321
35347
86429
33424
89856
74818
5683
74880
15744
61615
74146
54082
16650
97628
63966
88538
70920
21118
30871
83956
74120
61816
7153
88317
1570
98145
85551
79067
47432
7561
68155
46951
76065
37802
72205
51994
67190
31739
84519
10285
59160
10857
511
81795
76546
23328
1981
41177
81941
69321
18980
61408
38674
6961
29342
70053
85612
79037
55737
90338
66281
2903
53241
37778
82923
98490
35161
15702
91853
49729
97987
33889
70032
2539
35968
99515
48123
65740
42255
71277
19677
78910
96790
35244
36357
90812
57922
40325
80383
16628
46918
85000
5925
51788
90723
79315
26779
89466
80151
54609
45523
28112
30631
23369
52522
22639
67053
59414
40400
93304
48625
71899
15010
27239
73613
62470
70790
14592
82228
92627
48457
72338
93197
75070
27188
61673
33546
48757
6132
64311
39431
7950
10435
84679
20356
11992
59893
70964
93180
4983
43609
47329
60402
70053
30038
87563
42946
80183
96306
31145
802
92859
40249
1747
66939
89474
38370
95160
22166
52988
93578
4467
15337
13928
13850
87088
69395
36312
65696
82147
41721
57797
92950
60612
84265
56211
78175
38274
62393
83059
68509
21573
26183
24581
12381
75846
38093
73686
39940
50302
24030
1499
60936
56673
79065
5252
75001
44199
87644
31093
86199
43669
50828
43785
90177
35653
11128
98376
84229
45977
27753
2149
63698
33460
63995
1531
46119
47867
64907
80937
79989
96367
30164
16120
46797
93923
43555
68651
36489
81482
65899
91143
39820
97989
2625
9194
94837
2441
42277
9484
96689
16860
89687
38266
1089
69802
85960
56171
16738
81052
76366
33296
95851
44389
95027
74242
15615
48688
98915
84322
32965
77572
28747
86390
67889
29143
39729
27608
8438
66534
61172
3964
81852
79678
52550
9637
83314
13306
22987
96442
79231
59488
92790
42209
29088
12275
51231
24445
38879
78652
96138
99168
92847
63988
21588
11867
31874
67718
43601
54627
18568
17333
48590
98274
36161
87795
50239
59832
48108
27260
47326
75013
36842
37341
86217
59884
54158
63488
56533
33989
43731
43153
36458
54754
864
54321
87764
63366
40657
42812
92730
35134
63333
50292
6862
9984
78965
36968
40598
28402
10188
91749
69949
17408
35044
25113
83960
50506
13440
39723
14608
31606
22808
41275
71436
79554
81442
23929
79600
87112
56361
65074
63873
47326
15919
82774
51092
91185
49227
49459
32567
92559
90071
22451
83987
454
49287
60870
24872
91748
34810
43760
30137
94654
68240
95399
70624
93922
344
19823
43675
38306
24167
32594
3275
98245
32760
92674
41180
1663
49729
97158
3448
67255
36191
38115
86096
12212
15228
14677
59099
85569
84603
78639
83315
96736
60638
69619
51329
31664
8096
25752
3987
36087
33175
4277
57453
31745
12691
45373
37746
43040
96731
22055
49212
76419
76208
11382
10706
14465
75887
62886
74761
16222
19645
43572
70649
28770
77705
68074
35147
99615
67945
61454
15826
28898
57797
66411
41188
36698
9188
20398
89421
68386
89643
48919
75715
54428
48793
12373
5763
17130
1647
67579
76753
45496
67397
82333
62385
91521
56837
41304
64933
36953
10599
58960
13314
46580
16290
14509
75469
82694
1728
2375
59962
14211
75042
61921
56698
76184
72010
35271
38725
90268
1723
64779
6930
18043
25235
38349
80763
43597
54716
17498
36023
68775
69348
55816
49827
33393
53013
10810
23840
55883
77740
90808
26915
81214
73476
82952
50420
56683
91326
37724
51790
84954
10560
48807
85515
77018
74789
37369
78364
5706
11257
54505
44974
82679
96047
83868
24616
39425
78451
35759
6465
99771
32173
37247
68323
39074
1906
9107
14634
49233
67676
4692
60395
40368
97576
155
36573
5694
58192
61748
52869
89442
57333
20075
35731
38518
75457
83880
91911
5052
82454
27403
22192
82982
62077
92225
18891
59543
81202
41272
17796
94221
81141
96249
26269
97868
79553
81719
42813
73373
93934
70487
11694
81493
38870
63868
31531
9466
72561
34560
81886
75050
24338
32655
7043
22484
39827
39558
4881
93548
45410
80165
48231
67961
7838
92601
78733
96072
28047
20161
80982
33798
42757
28076
99622
26441
71197
50984
31205
82288
61630
65634
893
23589
83299
72417
56221
43066
84526
70706
31588
47310
5542
4098
12761
47687
76722
49865
60542
73321
14342
14022
89322
5472
18049
53300
2037
74817
40374
77330
93983
24048
34653
84395
59474
14166
46264
99061
58180
40463
39666
90596
14155
60655
64046
73572
39279
65589
83060
32074
63894
70108
28428
81280
47921
67568
68787
47302
43976
24543
8940
81888
86850
85269
68600
94003
38999
38474
46841
90590
38006
96147
50583
80705
38669
90847
73763
48196
76495
21451
8724
91292
96024
40528
51563
80258
16775
48723
96101
44940
76217
86370
55338
83311
59436
31410
69825
53639
80576
98619
35198
95703
48793
63921
6016
49256
49351
50940
48472
39179
78971
42822
3401
94369
12047
40126
95745
56475
59763
12728
89914
99818
64217
90014
56853
47864
21148
62420
50347
65952
46213
56230
3866
572
14515
47474
62243
4487
69668
8550
42992
95617
50861
18358
39785
32705
69912
34452
50413
31670
70153
34287
69115
87336
39513
75071
50964
29911
91437
56165
63454
29519
98935
94451
75157
53416
95243
41336
15483
39818
31440
11934
41488
98693
54499
2915
94674
84708
57186
75159
9964
24902
55523
66485
98667
69776
42865
44303
55221
25316
37004
32663
39407
551
29145
84598
92858
40313
30334
661
2076
96796
41595
30788
24693
21594
80643
9548
71143
9769
44891
74326
25500
70108
79938
41032
49977
10278
1496
15939
64788
9918
31633
66708
16546
11828
87765
47902
89086
63014
29685
68361
84892
26849
18186
49770
37620
48502
24711
65674
34948
90044
48217
34746
44139
57011
9263
93201
64631
70234
39849
99802
32469
21848
10210
5501
32277
61073
1123
84362
82863
38239
38522
89595
19177
80707
36828
73941
9058
95328
56674
72007
51210
59841
20597
78585
48870
24426
87675
82556
27545
38535
24694
64176
38645
62645
21447
93146
62482
4717
65225
73970
54263
93445
88783
24245
81395
42154
78162
7326
61376
40711
28352
30492
8759
5870
85229
47965
45630
40002
50667
74563
78026
10277
91472
16674
76934
19556
16402
80565
93016
84525
98234
28994
83773
67280
10063
22893
43676
25504
11458
91153
32861
34561
50184
81308
24079
1237
80009
9494
73621
19713
25452
96587
97157
25504
97215
81159
65938
40120
46494
98355
98504
32678
80060
58384
65163
42805
4309
38685
36119
2374
48992
56084
57745
10097
30757
81
3268
66801
68374
67545
23751
14937
90958
22270
26500
45441
35478
11124
51161
99558
78255
50794
18889
75724
87376
89725
61656
16405
16784
39089
35038
8914
60998
66693
17052
3995
48712
67565
72242
85952
66916
61812
22646
91382
41877
10721
94660
50783
49984
56785
9785
26891
5181
96874
82609
15997
87418
16920
14988
96556
35104
83896
15364
62632
98712
59994
8411
94368
93705
20074
47386
47492
58490
96711
56557
60558
86234
16195
45153
84615
71130
34045
40992
33177
59179
66798
8060
33181
37147
86527
44150
17308
83079
64987
53216
75643
25075
94961
24685
92861
39748
37987
33369
31567
84203
79058
65202
69616
4672
48439
92504
73575
39728
72919
14084
21750
22452
703
43463
44019
35701
28652
11305
49324
14721
7228
58029
46738
77443
94231
26742
61805
41675
29134
61726
48495
52636
43184
85753
50100
25869
90443
51357
40847
93709
25412
22857
55479
21189
75921
46282
33893
50574
60365
27132
57547
48534
97605
85444
47935
85713
99812
5753
40361
52054
27605
24061
25320
2736
82146
62382
74700
18196
53411
40501
10153
27732
78664
50618
75541
21375
60434
57553
24868
46437
37153
14647
33582
43781
20588
12371
53837
12989
82598
4070
42477
88767
66537
42828
48192
31232
30653
34319
86109
48402
96303
3027
20410
96244
70296
45714
86724
70005
64644
95406
38855
57841
45580
19604
56488
52233
63533
6488
28780
12499
35425
31964
94441
47426
86200
79457
44151
99854
98767
98815
79654
82017
50609
90716
62882
89598
99160
15112
20911
77530
94673
91759
47475
19991
10099
50906
32275
76862
53262
81877
43677
7757
52643
92263
23243
35923
77512
32382
93130
57444
79502
36928
13020
19697
74173
79384
45737
54037
85459
35926
43935
51982
39184
8415
9464
1274
30458
14690
95272
90868
62632
32272
30141
34044
54554
53118
78764
81751
34130
47853
31600
84108
9712
7176
47166
32931
63574
48518
43009
48552
86406
76937
83075
92370
39680
46318
59977
50250
98766
75429
51329
93225
73195
57823
18640
75329
64408
81260
91146
42646
55436
97953
84906
29872
14219
71277
57343
61967
14511
64746
74068
26825
24215
81509
66839
88875
36579
25986
21467
48426
57503
45888
85249
2674
52070
67946
71880
58264
82364
75369
46919
54352
58833
79189
26247
75759
65721
36574
21717
24653
90449
22790
54374
41765
46665
15654
63891
25974
51118
40456
11148
74230
54550
65835
85530
86082
77760
72181
9608
33513
96065
66670
97680
57597
20639
1215
76984
73285
26561
78865
62312
47784
68962
71432
40011
55428
13201
10013
7591
27177
80235
74775
29763
35929
51344
59873
62542
61184
71526
40102
28193
70802
87601
86732
54467
81827
18685
5874
20377
82740
30632
73954
94055
48825
17947
25188
54435
97609
93232
41969
80096
45107
22003
32169
72189
69932
20956
63747
54436
36153
9089
38543
90097
52955
34474
58170
93911
18893
38727
18657
2000
38908
12133
96963
47221
36503
11611
94703
35276
46618
66699
36924
89108
76542
43841
8119
57778
92553
64314
41659
72853
10258
98306
60395
85219
48720
27320
93740
6065
97662
21637
88603
67895
38900
20744
61526
27234
65775
27867
42206
80440
13749
52684
78575
53764
5089
96368
50422
89053
99761
13659
84258
55310
90441
39850
19191
80401
38845
36764
86046
92459
17895
53061
38048
10013
46038
63502
37
74713
93590
53025
69271
16525
13262
58423
43242
54938
35471
74626
43841
94321
40176
29979
16866
93351
79807
49827
62075
45752
66050
89204
39442
92876
77130
7403
13015
2088
34711
99406
74369
57530
20940
76719
24864
16331
30315
38271
50880
79352
11346
52667
52764
95521
39714
5440
36854
23273
48608
49698
99588
69377
35742
18535
13985
92363
9494
27082
19286
50543
53782
66866
62169
56262
74144
37905
78615
80701
31777
13791
4755
25812
79890
84648
66633
11082
10083
464
496
40083
68926
54964
98218
80942
92684
77477
46591
49744
62951
26840
70744
38714
87760
81883
23605
82526
17474
96232
34493
60061
54448
68110
28212
35070
53234
65951
83463
63864
71311
32291
68349
58736
89548
41645
33138
68417
6897
94068
80922
80594
71689
41523
23492
12272
53910
3502
96346
8071
83734
70431
30678
1905
41377
49743
97562
22980
93569
42933
50262
54901
92699
38564
70873
92139
59166
13551
79527
44307
19210
22763
33834
86351
34750
75125
66778
39916
29372
18414
87047
69465
16395
72820
1540
97666
80532
41568
89348
23940
37163
44141
93570
70098
6764
207
95665
10305
59015
59040
98259
39661
2243
7591
9777
39344
60545
72718
47058
75026
44154
70729
94593
38560
38319
40870
3354
11842
77676
70381
61631
68069
33666
53304
46734
47302
11206
49629
78087
30801
76915
41190
54435
23831
66216
44516
87696
24133
92891
14083
93349
51210
98349
11438
78560
16417
93955
22735
70625
1134
61560
38680
5861
13543
22374
86547
66835
9344
27333
78067
54868
41403
86156
62631
67763
57406
13363
39271
25985
14877
60234
12545
62621
76280
33539
34963
64615
22810
24896
38658
87702
76395
79727
13785
60044
78722
40818
38999
96250
25091
9612
44069
82829
49314
8326
43830
50663
76665
89705
69939
76609
1134
77949
92490
17007
58347
79679
13124
21956
22471
83128
24832
6570
38992
46511
9545
93946
64615
67912
26296
49816
9963
95004
4307
70166
46545
47148
45211
23982
66865
53601
44795
70041
99304
68574
51031
87008
34124
58370
45575
8614
92493
71580
57752
63508
13842
3426
98011
49024
35888
53339
35478
26824
60518
13449
5682
3074
58091
60894
95887
75672
19811
397
81007
612
29474
91389
34383
93276
91203
9393
4344
69742
72049
14233
53538
5135
49373
8441
57243
51621
31576
80129
18812
76244
26719
29823
53770
60492
60850
88788
57686
58466
46534
14772
22616
65695
49943
7883
5565
96724
64956
68706
21735
84017
99553
85953
95427
74146
22708
30104
20964
97703
9613
40546
81212
49883
43238
85231
88450
84401
3472
8143
24156
16621
32177
62526
36510
17999
89844
47998
91473
44705
51705
59019
95242
4711
85466
75376
20036
14625
13325
21223
97508
87147
54841
59860
7098
87232
9102
55063
95652
28354
3596
70514
25055
54205
58729
51406
25534
19018
97647
22039
77652
22713
10272
67647
67019
60844
98933
75158
85479
61331
63209
26916
23480
67382
75645
26872
7562
43387
37888
6873
12790
35740
57958
40696
18755
22974
10140
27907
30206
47567
97844
91307
41097
60753
44312
36878
59711
72874
59134
68799
86399
64872
24659
81548
93692
59385
80585
49208
57430
62820
98470
41384
77922
89178
29298
50034
49848
28804
33206
16485
45476
80787
22651
42654
71293
39975
77422
68878
4156
45922
35401
78723
32395
51825
48344
21553
11585
66514
4275
92003
90141
60176
44925
59453
53392
68255
20572
6411
15162
74925
50186
89159
7464
56031
50913
89905
98320
66810
24157
67881
68874
43371
50758
86375
8927
22151
22831
57166
19295
993
62489
91803
79795
6648
27614
9464
66060
55613
9415
10749
44239
45177
4086
15737
90972
57104
97455
84211
51003
54500
29824
36387
83001
59325
2009
45511
53436
27142
33499
22488
78570
93231
41405
85481
91045
81800
84813
4565
26157
27665
35130
73858
57167
37943
61840
71265
31781
7165
3314
35628
39667
49350
17994
66482
82661
53536
15368
6610
91993
31905
19061
43919
41119
77905
22046
64488
69490
65278
84453
64763
50111
94356
2297
68420
86399
79083
66651
43186
78942
834
40464
69450
84255
36874
44310
9433
28852
20077
53830
79447
37350
62204
15947
65179
86316
64461
51331
81659
95123
24591
67780
28560
86220
95460
78026
39378
28578
440
50160
1550
5728
7451
68226
62890
9590
36229
47181
10193
93518
69490
34417
95819
47612
52503
53251
35777
48975
23594
10079
96655
85552
72395
43718
64078
65954
80902
67947
91168
8627
64634
76255
85715
77736
4878
40314
4356
83340
52646
31521
81157
87044
96775
96401
9607
33457
88419
35827
43785
19458
30991
89147
5629
36754
86496
53430
62707
56859
17784
93016
10770
86642
80076
27974
86472
27411
56774
84973
14785
62494
87670
41067
8408
92496
77120
34894
74023
73042
82455
1392
62036
23822
93250
43962
82707
22960
5810
70270
85427
76722
83519
99074
82882
76163
49081
88130
16618
23011
33609
63308
32910
20005
15854
785
22159
18418
89318
15229
30017
52013
55588
444
402
27673
34567
68153
81791
620
15347
53953
13678
51280
10163
40281
94804
98344
56569
1158
81457
48030
46501
20656
40402
16409
52023
47391
89423
65238
31013
76520
40297
97363
86944
37981
40732
10981
50986
32061
17410
52844
86059
59270
21924
56098
71976
93547
79582
7955
83497
11510
87752
91429
61026
54018
55921
1688
75849
74906
48225
24844
92623
95904
19016
79401
59098
75591
37424
85573
26574
25295
35542
82755
35882
764
79177
71470
43338
29624
32852
3939
77435
78500
36074
83250
34359
77794
54079
18252
68436
76281
15802
32796
48760
10543
15116
67689
24801
66924
1303
87822
88853
27173
21775
4649
35090
37573
23422
13406
97909
35483
20590
36703
8010
49575
68005
55644
26773
19613
95445
67966
62929
51752
60252
77351
34794
19559
56148
48595
62732
74978
74969
18412
58429
64823
45676
22688
71730
91311
61554
46362
42361
25256
59667
29810
58252
194
1149
10437
45495
27706
58222
61225
55678
76539
23321
9378
58123
65029
14243
85201
34102
75064
45347
91438
41088
19745
40641
94582
97815
69454
93436
53599
26571
59416
14697
53646
13284
80750
34866
35805
60598
76859
8380
78322
56891
57994
97817
90596
21987
45856
65019
13648
49189
61625
82205
13878
77941
87559
83386
73862
66146
64962
92254
26601
99220
6504
85438
54180
98697
7778
32793
55150
36207
93815
26453
93812
81798
56553
15023
26618
7336
51211
15571
21461
15586
59506
99414
29156
25622
99405
34561
62491
75902
92120
67961
50912
22956
44417
90186
47037
42261
70161
29083
40964
1232
95430
87892
57842
15617
39653
61523
50073
34902
424
85796
33576
80167
73392
44388
99754
78577
10335
24117
87081
19391
29439
21359
67306
70369
33865
93503
31623
55889
17185
91804
97521
30807
13423
82018
48892
30271
15740
8426
86987
96974
49418
30826
78358
61103
51602
25318
40070
80943
80454
30658
2527
21407
25100
49809
43403
6777
24475
44889
97842
1374
22171
99997
67042
44175
38730
54606
89601
35234
23834
38993
48503
96652
80403
49780
21655
7549
2041
80606
46377
47988
21492
26507
61540
92539
91976
40241
16569
4411
51759
86387
68473
19978
25383
24523
20977
69476
23495
20899
40227
12006
78797
84329
55729
39886
20379
38019
8052
99397
25131
52573
40307
3476
4204
99488
59216
81113
28883
69149
21132
1296
10422
71429
23407
89014
36126
18511
19704
87114
6205
18705
51678
85588
60958
43508
34997
24160
59490
7333
10513
46473
32788
62399
65832
84377
13591
17162
6646
16347
51214
68329
5382
12510
12775
56650
6375
82366
84945
43974
88484
76089
19906
96987
2824
70442
75001
49964
96415
95695
70174
40985
4588
60671
98431
69267
88607
35917
92201
7224
67214
46872
59102
73256
20958
7876
38677
23840
87388
12849
45055
83174
63630
44481
77808
7918
88936
43805
56266
27287
89541
68368
66625
11985
21497
15547
57020
77019
72872
49505
8870
72185
53585
97023
7953
63032
25935
77125
92648
60248
57517
95801
84698
81483
24797
9171
62329
41632
28382
95663
11214
43503
83433
70677
59135
98662
3613
69145
59857
89123
62992
66937
68809
91816
75750
89992
52365
1257
27641
31548
27241
51756
17859
97947
13563
42809
88244
37833
30614
78774
29053
7868
23410
29252
72776
25306
19461
90293
1076
60803
56671
96677
15202
65824
95768
80751
11072
2995
41523
45275
2457
84874
90320
60117
93179
14611
56589
56418
23376
92092
81019
6315
29077
86376
44591
11225
53232
41391
81036
52103
27674
24891
34233
3390
58110
76677
55241
97646
10756
51925
43133
75289
81477
2254
70929
59247
58570
34478
89716
66637
83315
15572
29486
26324
74458
93497
871
74104
2558
49602
10392
23634
30786
45732
39047
72098
44758
17571
46648
35764
42595
86787
1401
94818
44046
63540
14509
65089
73478
39336
42864
71241
35730
69932
63407
46680
59579
46972
68175
98327
2788
85804
35952
4889
80951
37794
32705
75839
36836
60673
80600
41923
63432
85825
42673
83007
79402
13580
82
57297
35161
80540
3821
95122
45925
47555
19270
87684
64617
7524
43483
99289
69609
47076
10407
38461
68385
1818
44140
63218
27103
15450
27864
62835
74798
91364
24806
25076
27372
47463
95545
79747
11122
22951
98087
49091
8791
6279
48772
65122
39492
64373
62262
3045
43066
12165
65051
79154
93694
47477
62711
19297
92529
80140
78869
86501
59494
68890
41689
66469
93034
68481
76385
31085
14283
79024
4444
34954
71316
58746
36163
12401
14822
18159
63964
47588
80742
65383
96764
62691
25309
68067
99728
80602
90265
19647
20412
88358
50704
18515
479
97522
1477
3446
22000
82098
55792
11453
75510
65335
86413
36537
68738
63015
74984
70378
24601
57491
14043
46955
47818
92940
2309
67076
96923
89428
937
41940
564
36196
17844
56665
51999
85782
89272
11053
60928
63893
88502
56462
67894
19535
92948
63133
99544
75088
93420
3372
64227
97089
35054
70233
48802
19296
27011
32102
58704
41696
25342
43613
60276
81175
73315
55564
25703
1932
19637
16052
93633
63738
59970
59957
79836
98305
26527
78210
25376
9628
39661
51384
2996
42831
88028
75053
12277
79145
4334
99971
63875
61689
63232
17230
8048
24850
10721
26320
50547
58951
26896
84414
91436
16230
97746
69313
27582
53806
39390
67888
17418
69929
299
8505
67576
62721
24179
41719
47422
51743
45682
11387
75771
46012
7317
88966
4783
52026
50871
62831
5247
30349
95445
54825
89471
11954
28965
52692
20040
11946
33809
81752
82643
83363
96590
72872
52083
71121
752
97799
57879
45174
51804
35114
51726
69694
26715
77002
92897
68616
82421
26892
32510
42036
95330
42110
40195
69544
13575
66630
66238
31390
16362
2607
59766
51079
4261
41453
77488
78553
5994
79286
57054
14640
63827
2515
86124
91362
11012
40958
37908
37632
2049
80339
84494
98840
23302
38522
52583
75085
64585
8671
89677
10068
28370
81517
53081
3125
10887
32278
38271
4376
34567
84199
4273
70342
75857
78621
57701
59528
37148
2010
75944
68268
34352
7944
6427
52808
84137
14669
20552
9848
36668
53895
58089
84624
90054
74854
2916
15927
69611
6765
32932
32167
22427
79148
60732
56577
10636
31516
19994
99168
28771
97793
23914
75991
91048
5457
82537
31800
77034
61758
16545
23457
85817
4961
62757
73102
26614
49035
44685
56082
33424
90810
80378
24701
96374
28480
20288
40470
75697
65239
14933
90247
62872
68339
4632
29807
77219
11396
9889
46588
4079
40603
70915
53048
75607
70464
52399
75642
3467
98542
7420
80899
7667
1633
57508
69983
90456
87027
27205
47428
63862
36637
81735
34591
89976
36449
44092
6268
23426
93452
61039
90735
29022
14146
73939
83832
87600
63203
21897
94034
28340
91642
96257
17410
71703
91340
90871
79393
74164
69988
53044
98626
90820
46049
89308
5021
38600
65915
45827
68344
57765
44796
71786
37802
67704
50312
85815
1600
68468
20398
99736
71512
44841
51005
61642
4241
46369
37969
74811
54691
10965
12826
22425
36250
35123
24064
97698
25645
96895
50402
43713
52092
85319
75222
39740
44122
22847
93055
53899
53038
95168
20779
67303
68472
75108
91964
49418
8600
88585
56429
14762
1645
49072
22892
43964
64147
72911
27683
80929
52217
33395
56777
5540
50255
37154
59731
13141
95276
32719
10074
74996
55544
32671
44969
32781
53519
97593
42673
13457
62288
22305
53671
94242
18341
60472
18756
4998
75653
66490
44280
16358
55359
82078
96704
75143
7390
9298
65154
9916
47878
14853
74288
27928
71553
14136
23137
61070
19513
49303
53580
29014
49101
81727
21488
3321
15893
39655
67906
76820
28141
17761
13852
31220
84408
72111
40117
81329
1355
56492
26603
54247
4684
30269
53462
37703
19352
74060
54887
93973
22748
20295
85577
99083
6907
62365
19048
12028
15341
86496
39288
61221
80947
41169
27360
37396
30851
43160
37704
63332
14382
1148
89783
81823
47941
42205
83282
4835
67314
95644
6839
10959
18999
2240
38084
43539
59389
44556
10212
9232
1642
86496
26510
62887
23380
17875
65648
16656
24130
73181
61833
47125
48354
82214
69298
42192
47514
87582
48489
86749
63442
99139
195
7021
73485
81794
70701
71382
35056
15755
8796
65464
76458
70269
18410
83151
15730
59308
39712
38619
22003
44046
65224
91339
56725
19235
27388
30681
95114
75236
46268
60439
48925
95565
68530
47623
86239
63670
86930
2580
439
63628
72162
60623
17544
84053
33534
39742
48086
19986
56005
27221
54588
79764
5202
98830
24899
62734
24818
30026
65634
35770
11089
63925
74490
6349
5523
23557
10944
15469
62450
51084
23384
81520
4764
71090
95134
18260
88941
4987
11859
9444
63084
74222
42694
13195
18918
63590
49325
1938
85464
91472
46088
76808
5226
29314
16991
77754
65068
587
4323
18523
4497
27670
771
9918
89861
2059
17023
10223
61887
96989
16276
93038
10633
19815
4665
83120
39926
42708
68530
22758
77458
32046
78613
9278
22097
89104
19923
26904
11078
77073
58485
8278
35656
29767
32364
31644
31388
56253
95388
99644
82645
80376
52693
33571
98891
97090
57824
40889
23299
77726
46220
86099
92386
90476
24437
75405
81082
41788
22452
56412
99409
33534
99335
60448
72449
33928
42944
41721
5700
83721
20635
61748
61758
93518
32387
47924
39574
18345
16395
81489
32114
66155
13009
53007
14661
3874
13612
51656
75607
97779
34088
87223
15221
58135
96704
27708
60785
85704
65861
54561
57537
3414
90964
78471
6331
29290
77136
65111
51187
36913
90537
74699
23200
16401
29640
10304
72109
90060
837
79638
50531
20234
34913
21118
52023
83823
26448
94831
53848
37310
22002
36725
57938
65138
8601
78217
11205
60743
99286
13354
48982
47068
5469
51456
69792
43264
78733
75559
97918
83982
15803
21001
17619
28877
33527
95278
23719
45637
99751
33955
20361
32249
87181
82294
31737
61986
12809
17327
75727
39708
46695
76103
52407
96222
89413
66365
96385
55436
68548
51400
50433
4306
92552
18630
87880
84325
13546
42988
41826
736
23164
41570
30032
50938
8568
65498
13938
92165
6296
28792
13819
10994
41478
86865
24209
17555
4458
1677
8719
67511
99013
93021
34128
1116
74520
97581
82642
59875
18806
22667
12221
67760
53112
15376
48811
6948
83304
89407
5261
91002
84197
70263
18613
48183
46119
98924
89541
27701
60249
49486
94352
5823
22847
53015
28693
44686
62453
92817
76447
66071
21701
62744
88750
72008
91448
92186
84604
30916
67278
74789
23417
35824
78596
47855
38119
89464
84832
71731
68342
90551
51660
78391
91625
90521
98790
2399
56331
84190
59966
54971
30487
61126
85311
63425
32363
15698
57408
55355
95784
57743
49415
79364
76967
50944
200
39819
16565
46537
20556
85720
84103
68945
2518
88019
80973
58300
81507
55269
1768
14030
87753
5265
73224
63076
26297
21698
16126
93711
55195
17741
40414
71320
30461
51748
46275
75901
40955
94749
41135
20576
10617
7752
32770
85055
8281
32204
97036
83517
32456
73585
98811
16181
2024
20482
3253
43169
49346
91261
72615
92057
34216
22558
8795
49209
27242
79376
30768
11482
50887
88712
71159
42977
49568
77623
82549
65880
65696
24055
30111
97073
93031
79444
52194
40527
48109
70407
10997
18727
71529
39201
62020
57250
65406
83188
79223
2433
72248
2087
27726
51891
19127
75876
66145
9496
4762
62266
87954
95424
61030
37975
98405
22496
26357
81109
76300
13373
91359
11851
53639
52235
36563
55632
29744
13572
82730
47338
39863
45776
51630
80373
11105
1925
61704
12541
3158
11712
28010
26336
74300
60147
34877
17333
79209
32182
11928
39058
61950
37867
43505
23218
25068
25973
65688
84455
22508
53620
8774
27578
60522
55573
57871
24318
12422
77442
47439
53980
10841
56751
39288
47695
54869
35102
49350
21910
15336
67978
58706
56286
15329
30914
34786
99580
12714
43723
5948
18252
30364
69481
89173
86429
53825
84661
44185
74667
64425
79255
1151
56187
47353
52300
22017
19555
39713
74412
74805
8882
24152
44424
1477
10764
97486
99081
46330
86663
81331
73673
79856
22492
74113
97573
84005
94041
36000
58811
86909
33621
69796
27083
64389
74578
55853
19053
86855
43794
16030
17560
79947
66784
38292
51222
44243
25026
59631
32991
84975
80650
7696
85878
43141
63163
66034
68464
81795
36443
47759
72728
92549
35851
95573
47800
60099
25800
3950
12480
40010
49825
63999
73204
9138
60477
15942
36860
78494
12606
58608
88442
50756
48308
50994
28016
63872
38479
53764
86610
23063
36104
2542
52791
61888
6396
42455
15680
94209
83251
53494
78856
70552
21572
60617
75338
45177
48552
82722
81995
71260
2977
62209
4079
28480
20235
88439
1299
33471
42183
56181
91272
51683
31167
20135
43224
66608
58398
85707
67187
53539
76344
67685
78961
73869
67814
50934
57190
6999
47643
84742
12503
20581
73134
31434
58537
74123
48381
33306
57249
52426
30666
89213
12281
77719
26578
18194
63758
12838
64614
79909
65087
28999
20643
99670
47730
25544
2793
19488
48770
7751
85692
56841
57522
67256
64645
40691
22420
6392
58208
37363
68367
4085
57745
17737
57416
53151
12326
52246
11020
64667
77594
4573
74368
99486
78187
90385
69145
88535
55815
33154
2661
10397
75997
12132
80524
7520
14883
55726
95271
50507
41514
46827
54258
10093
37199
74850
43504
83573
45915
19944
92300
27492
25667
52169
68418
86315
26198
27401
19158
49360
95961
81307
95756
98785
73130
77186
5559
49260
29044
72353
97686
38962
39261
86970
49166
15977
19336
40943
2501
29994
61731
28350
7208
37351
198
29792
72777
67378
13879
50297
69459
81036
26800
33459
93197
76070
51124
67076
97938
63673
65398
14296
89210
93187
8569
51081
94505
30950
84739
44273
71256
90755
98025
98104
65776
59910
10478
87295
38801
21237
51861
76301
85833
58493
8272
55357
29380
90385
30077
39537
29575
50339
56765
35830
49047
34239
72844
39536
35323
53440
63220
95180
90695
69035
54242
88083
11267
7848
30708
84407
36648
56634
34747
62290
41469
11062
41214
17465
32975
42021
11371
71999
86846
9834
53686
6754
80734
56146
65905
57133
96723
29663
77400
8107
62088
76481
81636
16200
27393
96123
88411