20000
793
647
66
992
406
870
996
515
906
623
984
555
866
90
399
360
825
7
357
736
659
537
597
726
427
273
785
910
368
339
416
928
214
483
22
308
282
533
708
394
194
944
627
443
197
27
125
274
541
773
249
855
536
762
618
631
702
594
639
287
342
218
983
323
257
423
465
69
349
928
960
468
935
115
49
556
129
673
440
158
107
944
933
818
25
454
404
603
792
297
5
989
524
889
316
144
867
65
939
108
699
356
594
927
730
62
657
127
656
940
410
649
313
971
266
853
68
913
133
587
393
321
208
941
941
210
315
783
191
334
152
343
776
14
371
14
729
587
856
479
518
825
628
648
877
968
5
438
196
774
827
425
363
833
771
605
571
212
197
883
600
28
349
159
13
204
490
539
111
51
396
715
591
716
331
923
349
594
614
262
303
359
798
611
239
634
52
245
28
545
91
911
771
983
698
245
953
761
554
576
443
453
664
866
542
305
744
192
380
28
27
568
759
185
194
386
912
26
59
502
74
372
735
834
291
867
925
114
110
600
294
785
982
625
145
725
147
664
62
369
593
598
607
458
191
236
183
466
707
498
295
981
239
930
403
612
232
831
38
275
498
42
898
823
900
64
85
597
587
863
279
292
714
167
216
958
758
848
686
738
255
775
398
467
459
563
851
662
812
279
255
276
862
844
65
762
70
469
227
584
49
587
449
423
322
633
571
217
893
956
703
454
895
745
439
869
884
699
337
482
212
219
323
182
760
658
407
620
549
207
982
646
848
749
424
680
119
171
197
546
827
912
69
943
32
476
773
182
290
867
932
445
789
953
130
637
22
34
792
204
656
803
429
839
568
626
913
471
766
663
213
910
924
514
892
421
252
754
129
897
629
934
98
239
709
764
780
340
200
167
710
253
417
996
49
742
581
872
103
918
699
638
646
245
311
718
287
595
183
773
915
780
378
714
898
932
329
889
62
826
696
684
808
169
708
355
188
634
970
505
680
905
607
88
485
7
651
50
18
898
913
485
405
560
274
508
944
325
104
75
862
38
208
392
905
345
914
507
749
712
242
657
857
275
759
608
345
758
517
964
120
384
874
207
915
390
394
226
139
772
837
880
672
992
281
935
559
625
581
757
43
51
375
336
84
199
513
854
724
5
850
91
923
281
995
106
852
888
113
647
500
473
7
671
522
178
828
924
358
522
322
964
142
985
949
985
112
64
103
205
616
727
685
283
563
296
131
379
181
638
248
670
794
137
80
552
111
110
412
27
407
490
31
274
970
297
500
300
537
539
206
867
127
60
731
831
900
626
562
432
431
934
774
538
411
149
764
428
735
345
136
347
299
629
20
324
719
926
453
182
492
911
879
898
777
988
997
414
118
490
732
708
207
845
921
755
350
721
412
681
779
392
728
324
695
718
180
879
150
852
654
85
989
638
390
447
988
735
103
111
288
401
381
271
52
197
228
566
521
405
368
648
462
307
370
424
132
643
479
633
469
140
517
93
235
366
34
597
863
826
245
670
367
527
145
860
744
356
14
837
102
465
59
563
602
748
865
257
401
304
135
566
392
231
670
576
100
700
144
956
848
289
867
771
191
778
322
667
459
114
132
822
383
510
458
597
113
793
754
563
180
619
696
422
911
787
717
341
679
368
357
132
851
602
123
990
552
109
930
180
873
421
672
73
837
831
393
307
513
281
737
16
750
607
383
419
209
775
678
593
729
879
63
568
741
8
527
329
405
654
582
680
668
763
185
931
755
921
517
645
674
598
970
128
452
312
875
847
777
761
878
75
375
594
309
25
974
532
309
369
526
249
690
664
661
758
750
643
865
102
622
979
568
837
56
573
244
355
520
136
719
918
878
49
102
210
353
987
443
956
362
263
442
290
417
251
743
533
315
795
477
696
552
928
658
186
858
795
73
95
920
785
6
477
902
106
575
395
594
471
429
524
27
754
449
886
596
203
366
447
363
897
713
704
508
690
536
716
21
502
469
978
523
630
103
284
357
454
7
107
70
72
713
951
263
135
215
549
139
632
50
778
673
198
204
68
338
755
706
661
578
800
20
951
210
886
39
961
710
148
169
773
42
495
552
982
164
260
939
151
604
626
63
378
427
913
97
235
254
964
464
715
107
230
685
893
885
297
293
101
812
523
365
502
338
832
99
386
548
466
132
684
932
960
157
928
813
708
379
598
490
974
277
476
996
733
434
464
588
59
72
838
916
994
240
731
514
568
105
614
222
521
845
627
825
463
966
489
964
774
675
825
694
399
685
480
445
542
746
130
509
931
438
146
707
988
924
685
38
612
614
278
248
925
779
784
865
192
777
488
817
400
549
868
115
193
199
727
816
405
770
425
924
465
357
856
271
44
504
230
961
309
957
995
702
853
890
744
314
447
736
715
698
378
981
181
628
420
229
316
923
947
498
740
792
393
851
804
954
939
857
323
678
782
119
515
481
95
8
759
630
793
103
428
85
492
326
770
463
603
259
808
504
680
863
135
808
353
84
546
501
280
376
519
825
901
716
669
551
375
114
978
357
877
259
153
665
550
577
280
661
777
661
474
294
862
954
142
416
758
814
690
634
766
760
482
394
19
451
894
845
152
723
463
451
930
308
510
841
682
922
577
979
415
364
438
852
302
61
711
568
221
97
814
614
564
133
212
866
933
299
868
236
678
454
932
372
483
66
316
778
74
492
917
864
10
674
657
978
64
502
147
558
854
649
413
250
497
628
997
351
893
182
565
65
314
949
784
510
806
937
69
903
354
854
266
476
905
638
675
120
916
81
806
716
425
883
390
16
233
652
19
995
722
149
673
637
729
734
291
635
926
605
797
374
515
139
526
40
640
675
638
418
642
180
875
217
939
933
820
774
855
58
719
177
884
917
497
139
650
35
432
173
101
124
228
190
50
769
248
912
444
22
851
666
887
742
499
853
856
505
554
812
196
612
678
686
45
58
658
763
455
234
827
588
863
618
441
630
467
288
273
240
483
845
474
997
131
770
219
576
55
71
654
726
801
431
960
621
701
466
224
34
964
317
77
101
137
529
24
434
998
969
878
414
969
568
234
205
724
558
167
27
148
325
90
9
85
499
628
890
613
446
335
480
257
137
411
275
707
969
752
370
88
884
998
350
237
382
82
364
334
265
289
525
11
50
172
392
296
863
155
948
652
689
82
340
296
638
259
57
14
956
825
202
313
489
963
681
333
944
325
329
447
154
238
483
774
295
978
536
931
994
486
537
146
458
490
502
270
335
354
714
754
847
116
433
36
746
8
548
628
706
752
352
620
901
16
959
262
323
696
206
756
702
942
798
433
564
613
142
952
622
57
720
588
341
8
400
490
952
838
919
704
192
665
432
125
677
852
26
803
197
631
733
128
8
706
909
211
12
972
923
669
858
676
401
169
839
150
632
993
483
419
764
212
519
416
810
300
775
109
285
636
624
282
935
520
564
741
687
746
861
360
202
764
636
318
84
159
128
252
353
355
931
472
712
340
192
42
239
883
346
889
364
272
207
322
25
858
993
607
222
747
931
194
384
758
407
913
722
497
151
82
300
650
949
468
270
121
452
819
422
189
926
69
874
341
26
450
807
47
665
850
954
782
611
392
797
674
702
118
925
152
913
633
727
633
466
706
825
773
361
627
934
836
992
947
977
712
361
791
162
892
403
538
704
67
189
559
206
562
539
479
523
723
952
501
685
703
732
692
19
524
296
960
887
761
819
687
899
56
573
236
513
318
386
416
567
85
472
649
511
397
562
254
150
669
296
963
189
535
79
191
124
314
237
771
56
31
58
225
184
53
661
240
793
975
471
311
899
971
292
691
955
49
726
730
770
511
152
406
8
453
266
685
428
315
446
716
70
958
502
466
566
226
109
369
337
174
746
99
951
756
512
544
158
420
344
464
706
730
543
29
29
59
612
438
147
680
789
536
522
977
744
387
85
310
92
156
159
396
276
524
170
398
125
637
318
168
542
863
544
739
792
732
892
536
328
460
373
324
53
423
907
630
340
898
59
260
666
260
126
813
574
915
950
869
446
354
951
469
922
6
109
946
968
757
605
537
727
273
150
205
293
701
108
447
135
497
372
703
790
751
579
588
388
328
334
356
547
327
16
84
602
50
224
355
611
353
491
281
744
406
605
653
829
360
518
676
119
362
210
540
21
189
83
737
382
54
961
978
189
249
731
475
746
777
317
477
721
124
195
991
213
579
930
705
940
42
259
377
816
975
708
386
31
922
60
436
120
403
789
389
749
944
117
598
865
813
45
498
44
890
705
530
281
381
403
871
836
355
256
283
815
937
523
691
199
580
517
609
286
575
584
829
906
898
717
890
717
324
33
863
874
614
689
265
57
943
785
508
235
964
163
381
117
941
539
139
604
580
280
444
688
720
716
367
964
90
786
986
622
44
89
660
153
738
210
870
450
54
447
359
470
175
493
586
457
907
812
158
241
95
701
443
345
121
612
639
82
860
763
708
46
216
749
193
437
136
605
757
789
390
612
912
210
359
326
484
772
598
9
951
729
261
375
32
244
931
451
334
189
445
595
758
133
950
137
291
240
597
623
29
173
138
935
386
104
374
475
876
597
205
553
831
165
457
819
493
29
986
330
470
393
134
18
276
806
257
988
354
571
172
753
421
673
491
391
990
832
390
102
591
780
37
407
117
77
332
71
463
865
580
954
990
997
644
742
826
205
543
321
28
197
579
618
478
850
848
805
62
966
895
411
948
86
251
681
595
403
853
827
114
861
382
590
165
103
406
978
450
186
444
115
161
12
446
789
209
214
639
561
478
542
470
522
140
428
32
662
888
288
43
377
351
981
232
934
228
143
354
91
82
515
782
947
434
656
286
827
100
307
324
522
405
243
368
114
561
263
993
165
65
683
998
804
921
507
472
657
659
320
550
346
229
747
256
817
296
754
352
87
795
321
237
166
232
172
354
193
729
526
481
132
244
538
94
769
850
39
921
851
698
138
160
984
674
959
924
436
605
781
894
413
591
518
672
434
441
814
551
399
612
320
75
668
909
410
429
609
952
741
281
573
789
282
945
474
660
850
622
232
752
755
147
319
998
725
773
736
270
503
303
590
221
918
905
651
311
581
723
450
940
458
338
170
840
626
344
943
37
738
659
307
237
194
429
419
858
978
253
669
897
393
621
800
26
878
321
384
611
703
13
648
637
916
398
205
79
794
841
379
348
561
801
387
137
668
829
362
224
634
251
575
725
558
697
20
921
845
360
547
572
488
370
109
726
914
530
525
583
815
168
774
985
308
944
817
994
114
758
692
419
201
504
621
923
222
421
960
653
854
86
880
980
473
217
273
54
148
592
257
268
572
354
977
281
712
191
397
37
500
521
816
758
573
698
369
15
159
971
406
198
81
896
255
884
48
652
864
708
972
922
550
514
384
157
447
347
439
686
432
901
825
441
143
33
941
16
655
643
874
121
890
754
619
559
717
949
57
802
645
477
255
394
409
343
774
349
353
183
477
806
184
966
603
981
24
539
47
814
264
612
89
971
128
627
851
46
522
634
916
279
765
485
757
695
35
605
760
303
361
951
432
291
639
39
141
951
465
533
269
298
104
208
923
110
337
396
507
373
477
167
241
104
648
926
369
515
756
176
355
491
99
573
983
354
20
283
927
681
490
640
372
730
99
793
647
66
992
406
870
996
515
906
623
984
555
866
90
399
360
825
7
357
736
659
537
597
726
427
273
785
910
368
339
416
928
214
483
22
308
282
533
708
394
194
944
627
443
197
27
125
274
541
773
249
855
536
762
618
631
702
594
639
287
342
218
983
323
257
423
465
69
349
928
960
468
935
115
49
556
129
673
440
158
107
944
933
818
25
454
404
603
792
297
5
989
524
889
316
144
867
65
939
108
699
356
594
927
730
62
657
127
656
940
410
649
313
971
266
853
68
913
133
587
393
321
208
941
941
210
315
783
191
334
152
343
776
14
371
14
729
587
856
479
518
825
628
648
877
968
5
438
196
774
827
425
363
833
771
605
571
212
197
883
600
28
349
159
13
204
490
539
111
51
396
715
591
716
331
923
349
594
614
262
303
359
798
611
239
634
52
245
28
545
91
911
771
983
698
245
953
761
554
576
443
453
664
866
542
305
744
192
380
28
27
568
759
185
194
386
912
26
59
502
74
372
735
834
291
867
925
114
110
600
294
785
982
625
145
725
147
664
62
369
593
598
607
458
191
236
183
466
707
498
295
981
239
930
403
612
232
831
38
275
498
42
898
823
900
64
85
597
587
863
279
292
714
167
216
958
758
848
686
738
255
775
398
467
459
563
851
662
812
279
255
276
862
844
65
762
70
469
227
584
49
587
449
423
322
633
571
217
893
956
703
454
895
745
439
869
884
699
337
482
212
219
323
182
760
658
407
620
549
207
982
646
848
749
424
680
119
171
197
546
827
912
69
943
32
476
773
182
290
867
932
445
789
953
130
637
22
34
792
204
656
803
429
839
568
626
913
471
766
663
213
910
924
514
892
421
252
754
129
897
629
934
98
239
709
764
780
340
200
167
710
253
417
996
49
742
581
872
103
918
699
638
646
245
311
718
287
595
183
773
915
780
378
714
898
932
329
889
62
826
696
684
808
169
708
355
188
634
970
505
680
905
607
88
485
7
651
50
18
898
913
485
405
560
274
508
944
325
104
75
862
38
208
392
905
345
914
507
749
712
242
657
857
275
759
608
345
758
517
964
120
384
874
207
915
390
394
226
139
772
837
880
672
992
281
935
559
625
581
757
43
51
375
336
84
199
513
854
724
5
850
91
923
281
995
106
852
888
113
647
500
473
7
671
522
178
828
924
358
522
322
964
142
985
949
985
112
64
103
205
616
727
685
283
563
296
131
379
181
638
248
670
794
137
80
552
111
110
412
27
407
490
31
274
970
297
500
300
537
539
206
867
127
60
731
831
900
626
562
432
431
934
774
538
411
149
764
428
735
345
136
347
299
629
20
324
719
926
453
182
492
911
879
898
777
988
997
414
118
490
732
708
207
845
921
755
350
721
412
681
779
392
728
324
695
718
180
879
150
852
654
85
989
638
390
447
988
735
103
111
288
401
381
271
52
197
228
566
521
405
368
648
462
307
370
424
132
643
479
633
469
140
517
93
235
366
34
597
863
826
245
670
367
527
145
860
744
356
14
837
102
465
59
563
602
748
865
257
401
304
135
566
392
231
670
576
100
700
144
956
848
289
867
771
191
778
322
667
459
114
132
822
383
510
458
597
113
793
754
563
180
619
696
422
911
787
717
341
679
368
357
132
851
602
123
990
552
109
930
180
873
421
672
73
837
831
393
307
513
281
737
16
750
607
383
419
209
775
678
593
729
879
63
568
741
8
527
329
405
654
582
680
668
763
185
931
755
921
517
645
674
598
970
128
452
312
875
847
777
761
878
75
375
594
309
25
974
532
309
369
526
249
690
664
661
758
750
643
865
102
622
979
568
837
56
573
244
355
520
136
719
918
878
49
102
210
353
987
443
956
362
263
442
290
417
251
743
533
315
795
477
696
552
928
658
186
858
795
73
95
920
785
6
477
902
106
575
395
594
471
429
524
27
754
449
886
596
203
366
447
363
897
713
704
508
690
536
716
21
502
469
978
523
630
103
284
357
454
7
107
70
72
713
951
263
135
215
549
139
632
50
778
673
198
204
68
338
755
706
661
578
800
20
951
210
886
39
961
710
148
169
773
42
495
552
982
164
260
939
151
604
626
63
378
427
913
97
235
254
964
464
715
107
230
685
893
885
297
293
101
812
523
365
502
338
832
99
386
548
466
132
684
932
960
157
928
813
708
379
598
490
974
277
476
996
733
434
464
588
59
72
838
916
994
240
731
514
568
105
614
222
521
845
627
825
463
966
489
964
774
675
825
694
399
685
480
445
542
746
130
509
931
438
146
707
988
924
685
38
612
614
278
248
925
779
784
865
192
777
488
817
400
549
868
115
193
199
727
816
405
770
425
924
465
357
856
271
44
504
230
961
309
957
995
702
853
890
744
314
447
736
715
698
378
981
181
628
420
229
316
923
947
498
740
792
393
851
804
954
939
857
323
678
782
119
515
481
95
8
759
630
793
103
428
85
492
326
770
463
603
259
808
504
680
863
135
808
353
84
546
501
280
376
519
825
901
716
669
551
375
114
978
357
877
259
153
665
550
577
280
661
777
661
474
294
862
954
142
416
758
814
690
634
766
760
482
394
19
451
894
845
152
723
463
451
930
308
510
841
682
922
577
979
415
364
438
852
302
61
711
568
221
97
814
614
564
133
212
866
933
299
868
236
678
454
932
372
483
66
316
778
74
492
917
864
10
674
657
978
64
502
147
558
854
649
413
250
497
628
997
351
893
182
565
65
314
949
784
510
806
937
69
903
354
854
266
476
905
638
675
120
916
81
806
716
425
883
390
16
233
652
19
995
722
149
673
637
729
734
291
635
926
605
797
374
515
139
526
40
640
675
638
418
642
180
875
217
939
933
820
774
855
58
719
177
884
917
497
139
650
35
432
173
101
124
228
190
50
769
248
912
444
22
851
666
887
742
499
853
856
505
554
812
196
612
678
686
45
58
658
763
455
234
827
588
863
618
441
630
467
288
273
240
483
845
474
997
131
770
219
576
55
71
654
726
801
431
960
621
701
466
224
34
964
317
77
101
137
529
24
434
998
969
878
414
969
568
234
205
724
558
167
27
148
325
90
9
85
499
628
890
613
446
335
480
257
137
411
275
707
969
752
370
88
884
998
350
237
382
82
364
334
265
289
525
11
50
172
392
296
863
155
948
652
689
82
340
296
638
259
57
14
956
825
202
313
489
963
681
333
944
325
329
447
154
238
483
774
295
978
536
931
994
486
537
146
458
490
502
270
335
354
714
754
847
116
433
36
746
8
548
628
706
752
352
620
901
16
959
262
323
696
206
756
702
942
798
433
564
613
142
952
622
57
720
588
341
8
400
490
952
838
919
704
192
665
432
125
677
852
26
803
197
631
733
128
8
706
909
211
12
972
923
669
858
676
401
169
839
150
632
993
483
419
764
212
519
416
810
300
775
109
285
636
624
282
935
520
564
741
687
746
861
360
202
764
636
318
84
159
128
252
353
355
931
472
712
340
192
42
239
883
346
889
364
272
207
322
25
858
993
607
222
747
931
194
384
758
407
913
722
497
151
82
300
650
949
468
270
121
452
819
422
189
926
69
874
341
26
450
807
47
665
850
954
782
611
392
797
674
702
118
925
152
913
633
727
633
466
706
825
773
361
627
934
836
992
947
977
712
361
791
162
892
403
538
704
67
189
559
206
562
539
479
523
723
952
501
685
703
732
692
19
524
296
960
887
761
819
687
899
56
573
236
513
318
386
416
567
85
472
649
511
397
562
254
150
669
296
963
189
535
79
191
124
314
237
771
56
31
58
225
184
53
661
240
793
975
471
311
899
971
292
691
955
49
726
730
770
511
152
406
8
453
266
685
428
315
446
716
70
958
502
466
566
226
109
369
337
174
746
99
951
756
512
544
158
420
344
464
706
730
543
29
29
59
612
438
147
680
789
536
522
977
744
387
85
310
92
156
159
396
276
524
170
398
125
637
318
168
542
863
544
739
792
732
892
536
328
460
373
324
53
423
907
630
340
898
59
260
666
260
126
813
574
915
950
869
446
354
951
469
922
6
109
946
968
757
605
537
727
273
150
205
293
701
108
447
135
497
372
703
790
751
579
588
388
328
334
356
547
327
16
84
602
50
224
355
611
353
491
281
744
406
605
653
829
360
518
676
119
362
210
540
21
189
83
737
382
54
961
978
189
249
731
475
746
777
317
477
721
124
195
991
213
579
930
705
940
42
259
377
816
975
708
386
31
922
60
436
120
403
789
389
749
944
117
598
865
813
45
498
44
890
705
530
281
381
403
871
836
355
256
283
815
937
523
691
199
580
517
609
286
575
584
829
906
898
717
890
717
324
33
863
874
614
689
265
57
943
785
508
235
964
163
381
117
941
539
139
604
580
280
444
688
720
716
367
964
90
786
986
622
44
89
660
153
738
210
870
450
54
447
359
470
175
493
586
457
907
812
158
241
95
701
443
345
121
612
639
82
860
763
708
46
216
749
193
437
136
605
757
789
390
612
912
210
359
326
484
772
598
9
951
729
261
375
32
244
931
451
334
189
445
595
758
133
950
137
291
240
597
623
29
173
138
935
386
104
374
475
876
597
205
553
831
165
457
819
493
29
986
330
470
393
134
18
276
806
257
988
354
571
172
753
421
673
491
391
990
832
390
102
591
780
37
407
117
77
332
71
463
865
580
954
990
997
644
742
826
205
543
321
28
197
579
618
478
850
848
805
62
966
895
411
948
86
251
681
595
403
853
827
114
861
382
590
165
103
406
978
450
186
444
115
161
12
446
789
209
214
639
561
478
542
470
522
140
428
32
662
888
288
43
377
351
981
232
934
228
143
354
91
82
515
782
947
434
656
286
827
100
307
324
522
405
243
368
114
561
263
993
165
65
683
998
804
921
507
472
657
659
320
550
346
229
747
256
817
296
754
352
87
795
321
237
166
232
172
354
193
729
526
481
132
244
538
94
769
850
39
921
851
698
138
160
984
674
959
924
436
605
781
894
413
591
518
672
434
441
814
551
399
612
320
75
668
909
410
429
609
952
741
281
573
789
282
945
474
660
850
622
232
752
755
147
319
998
725
773
736
270
503
303
590
221
918
905
651
311
581
723
450
940
458
338
170
840
626
344
943
37
738
659
307
237
194
429
419
858
978
253
669
897
393
621
800
26
878
321
384
611
703
13
648
637
916
398
205
79
794
841
379
348
561
801
387
137
668
829
362
224
634
251
575
725
558
697
20
921
845
360
547
572
488
370
109
726
914
530
525
583
815
168
774
985
308
944
817
994
114
758
692
419
201
504
621
923
222
421
960
653
854
86
880
980
473
217
273
54
148
592
257
268
572
354
977
281
712
191
397
37
500
521
816
758
573
698
369
15
159
971
406
198
81
896
255
884
48
652
864
708
972
922
550
514
384
157
447
347
439
686
432
901
825
441
143
33
941
16
655
643
874
121
890
754
619
559
717
949
57
802
645
477
255
394
409
343
774
349
353
183
477
806
184
966
603
981
24
539
47
814
264
612
89
971
128
627
851
46
522
634
916
279
765
485
757
695
35
605
760
303
361
951
432
291
639
39
141
951
465
533
269
298
104
208
923
110
337
396
507
373
477
167
241
104
648
926
369
515
756
176
355
491
99
573
983
354
20
283
927
681
490
640
372
730
99
177
71
554
193
540
251
830
738
468
50
17
395
466
784
58
587
548
284
681
679
876
964
877
287
838
886
430
7
662
876
708
548
574
522
979
537
945
668
159
425
505
28
125
75
863
426
975
937
864
944
257
478
524
193
778
732
817
597
745
828
149
63
269
335
302
914
941
843
46
928
79
79
472
798
175
378
817
480
871
904
195
50
171
196
671
331
111
956
997
210
118
656
790
528
901
75
53
413
65
783
960
288
798
799
290
895
887
933
619
870
236
97
500
792
543
565
937
41
71
493
24
383
599
496
147
713
735
48
233
678
606
85
923
881
980
312
640
760
682
151
487
700
301
802
184
57
97
79
370
339
965
186
217
277
823
297
84
885
143
359
69
768
204
615
293
70
939
11
105
895
438
67
513
288
199
266
174
643
512
852
832
469
508
930
346
578
358
762
77
588
551
187
58
486
544
395
772
307
112
949
67
189
131
124
344
240
717
964
305
446
213
65
133
159
498
351
753
869
49
624
972
739
373
818
623
478
696
255
177
694
850
37
873
905
690
663
586
893
222
936
298
547
186
65
614
989
808
946
21
723
969
254
265
15
260
281
391
158
524
892
549
468
317
273
539
760
32
623
162
677
427
537
966
921
916
373
540
949
322
643
682
438
380
806
488
417
262
878
261
65
328
998
212
809
932
616
545
661
863
97
689
495
780
220
596
705
338
645
254
747
611
563
199
48
637
368
512
866
684
520
697
43
841
822
223
615
359
820
896
41
663
819
679
700
614
692
652
83
155
332
277
710
697
70
66
167
731
495
859
259
568
890
431
692
516
540
437
914
730
8
433
620
182
197
770
560
56
83
392
440
534
453
354
245
335
213
504
69
17
444
980
644
448
441
579
480
981
669
244
980
62
201
967
48
806
663
975
853
492
112
218
356
253
640
412
628
584
74
335
547
887
481
308
5
680
467
323
326
947
554
63
894
21
606
225
35
375
47
938
345
235
586
453
99
822
624
302
5
190
525
884
806
411
605
935
833
54
550
742
445
18
346
58
40
917
511
273
48
872
69
498
869
560
57
129
991
911
551
957
22
811
936
90
748
534
887
282
160
341
177
235
742
861
591
706
533
289
242
136
397
385
246
424
439
571
733
419
253
455
723
748
404
842
710
169
486
928
424
200
43
962
357
531
400
301
242
265
849
574
248
446
125
951
12
662
487
931
948
651
203
273
457
433
247
491
419
262
904
672
894
847
136
346
904
994
968
692
40
178
210
250
581
632
227
567
157
810
748
668
353
52
813
213
280
974
245
212
81
293
382
103
25
870
592
752
420
17
323
271
551
825
854
770
733
542
940
182
84
887
861
364
882
759
430
901
74
344
417
370
844
658
183
811
511
208
114
973
755
622
687
619
767
142
740
411
549
680
119
429
809
129
566
911
42
517
669
238
980
151
770
196
740
473
853
344
462
269
794
351
45
196
891
229
502
487
231
754
874
995
388
54
144
871
692
919
903
795
85
272
855
389
121
514
342
597
768
666
412
990
274
437
480
821
13
792
124
200
505
941
743
334
132
539
445
854
600
57
735
586
274
6
698
716
519
387
507
806
794
295
241
452
107
171
35
895
64
660
751
963
922
573
741
946
893
267
153
438
39
420
66
301
118
118
991
651
907
226
888
438
515
976
249
962
806
63
526
779
419
330
685
168
126
483
481
493
895
372
730
45
42
145
563
723
100
900
898
700
912
672
374
53
752
481
897
704
606
728
594
646
625
335
230
23
892
875
403
360
213
260
349
73
628
17
122
888
6
498
472
390
975
565
395
421
580
619
84
475
990
972
347
235
901
331
629
579
441
374
851
818
503
91
801
350
273
256
356
523
383
566
342
528
918
308
504
294
69
279
397
304
87
259
42
821
828
953
533
450
180
826
385
482
361
210
381
296
621
605
265
513
767
689
844
452
109
385
973
207
153
117
647
449
387
819
624
768
694
201
129
941
12
821
118
329
282
984
896
342
347
338
929
125
48
934
48
962
270
995
191
293
263
362
121
622
146
650
721
443
446
54
645
364
175
869
621
815
350
281
515
597
113
790
381
194
131
226
993
787
969
351
532
293
107
597
561
756
834
417
581
506
530
840
118
760
412
466
495
901
911
307
49
801
22
887
6
450
302
544
151
399
349
629
801
780
679
861
560
479
291
740
590
320
222
661
980
102
622
843
51
362
536
592
389
611
732
119
424
543
287
570
644
920
717
542
109
132
300
535
232
528
210
262
487
20
735
901
76
703
892
179
351
235
645
694
319
498
146
957
429
521
858
767
680
110
932
571
213
642
886
767
948
396
37
25
427
770
332
927
662
711
15
949
795
591
770
952
160
620
430
927
555
199
502
122
543
482
701
379
138
626
347
358
587
649
804
643
423
365
964
669
423
368
526
322
584
450
917
700
167
497
19
742
591
271
174
954
413
96
667
990
665
829
509
139
727
699
945
59
564
332
75
268
426
399
585
877
382
222
144
427
676
859
291
526
327
717
213
252
670
481
402
768
645
190
571
288
106
285
889
508
291
912
133
929
533
711
519
675
625
151
343
684
190
146
942
590
508
375
877
217
523
293
887
524
372
190
253
987
885
917
654
632
264
516
642
150
822
660
585
102
490
660
527
957
237
730
64
398
25
255
93
177
451
293
510
573
572
131
706
293
332
33
232
595
318
535
842
960
596
732
869
137
587
175
244
467
187
186
946
320
34
765
382
504
436
669
428
422
836
107
326
481
864
675
318
530
916
489
700
397
727
596
755
281
891
325
570
417
890
334
339
395
353
571
994
491
577
670
601
121
402
503
960
168
98
526
165
304
969
69
809
717
771
632
760
28
264
756
66
370
783
66
168
805
228
82
841
206
272
883
18
548
314
306
941
284
589
130
626
549
715
398
828
393
111
193
351
797
255
7
919
205
219
412
8
812
631
723
578
84
294
754
719
144
642
70
752
438
322
525
108
461
788
43
655
775
832
821
205
21
477
983
559
53
197
477
65
286
532
660
221
930
148
534
975
590
507
92
240
727
277
444
785
283
974
716
124
353
441
827
401
164
568
48
15
812
458
315
987
730
349
116
86
147
170
70
381
849
632
694
495
92
223
138
445
93
293
947
663
676
77
211
370
90
640
566
502
220
56
641
12
681
692
44
613
488
659
396
387
809
818
167
947
403
905
734
428
385
142
102
861
924
494
445
834
871
72
91
429
310
196
468
600
330
789
678
439
837
710
52
335
232
555
582
383
562
170
179
698
868
490
83
836
487
589
21
591
259
609
17
376
77
484
994
825
378
471
890
363
413
257
321
862
316
311
894
936
341
687
967
912
870
991
952
386
767
368
652
385
575
187
372
551
78
515
398
931
75
676
822
937
293
319
809
338
499
728
80
727
192
578
768
194
594
308
988
190
594
397
246
890
90
313
102
417
979
724
738
468
903
27
473
7
693
186
878
538
475
294
381
796
177
144
405
792
807
880
25
818
361
854
134
780
290
585
430
83
431
885
455
769
694
499
422
347
446
610
882
754
449
955
884
401
648
975
259
721
117
195
810
956
420
829
114
766
719
608
606
107
399
671
204
831
15
401
278
749
972
73
124
511
578
656
660
423
534
713
729
486
152
159
822
914
650
254
91
48
920
750
529
210
141
686
630
355
722
486
901
817
285
248
667
954
512
391
34
210
794
496
408
841
301
669
778
644
545
913
947
697
318
617
986
150
868
711
532
676
199
649
829
346
623
499
156
760
688
13
840
613
306
182
354
716
964
125
315
202
410
283
519
23
384
311
226
897
412
952
571
881
726
770
14
845
206
715
677
319
253
58
844
199
393
949
572
626
625
171
39
820
239
371
498
112
298
190
342
176
164
978
330
544
327
491
917
779
445
104
428
901
863
644
649
131
990
47
385
203
178
528
170
84
509
300
581
240
650
184
321
394
118
542
500
755
726
452
752
82
802
74
290
855
671
250
547
588
414
507
488
575
638
379
257
925
291
569
483
610
108
5
614
643
734
319
565
244
438
513
878
38
980
818
680
688
767
228
449
423
402
269
57
463
791
716
823
280
606
494
244
575
671
527
50
452
149
680
293
740
45
373
761
974
93
180
834
776
209
365
785
745
927
272
402
53
116
598
272
679
741
622
61
11
319
174
982
473
543
94
102
915
623
956
794
516
142
870
123
912
816
169
834
699
70
751
925
124
854
760
649
848
457
816
235
915
679
226
913
607
435
380
804
416
415
572
650
767
554
589
608
849
126
384
124
476
22
602
842
226
253
355
14
565
235
369
381
742
469
600
829
871
558
998
92
104
300
864
710
524
75
621
574
964
964
481
622
975
235
861
579
52
243
432
542
750
660
515
475
154
390
340
457
620
933
550
812
749
904
455
460
382
339
71
389
357
66
157
441
278
567
199
426
406
547
289
91
844
214
355
33
109
31
57
676
222
787
549
371
529
626
310
549
608
241
716
555
29
499
167
600
166
824
688
783
64
457
692
701
692
40
185
788
186
874
846
489
387
976
246
270
162
556
368
580
56
443
935
353
460
87
234
570
192
568
494
90
506
331
291
977
597
892
507
310
349
523
578
464
484
677
872
837
968
29
959
607
769
372
45
575
679
378
166
859
515
470
498
750
12
987
913
237
744
149
726
909
249
153
250
551
813
91
712
812
560
540
136
565
643
247
926
728
505
650
660
307
635
160
458
491
684
595
123
90
822
23
631
788
177
846
810
298
386
269
748
476
310
298
154
249
114
83
450
716
28
520
37
216
560
776
69
402
721
908
582
461
439
523
145
17
77
278
886
605
968
405
959
138
622
491
972
684
328
849
156
352
615
16
725
361
828
663
51
648
357
50
440
758
127
415
929
74
569
788
356
608
421
106
652
486
418
748
465
221
346
840
817
399
69
516
467
132
69
422
959
928
616
25
502
83
151
423
709
247
292
85
753
237
546
410
815
378
781
682
730
642
102
206
472
46
290
840
427
449
380
850
539
799
302
547
392
253
979
339
748
366
512
407
815
505
142
48
65
815
987
254
176
65
216
671
350
755
914
859
248
272
911
121
671
716
477
948
588
150
16
665
899
766
221
395
144
680
500
163
734
184
581
875
961
391
276
940
226
295
252
929
828
265
768
810
687
717
744
557
173
403
747
300
449
138
351
877
448
638
941
524
39
27
404
256
187
535
611
483
678
129
418
79
831
981
466
665
63
156
109
852
558
908
959
243
929
412
216
812
52
615
361
170
717
902
888
390
560
822
632
985
536
338
142
69
288
954
364
261
138
701
839
532
270
188
284
995
265
312
566
538
574
170
149
111
356
807
518
282
906
592
487
647
691
41
450
63
14
656
52
707
92
704
777
391
469
255
919
887
332
363
803
791
301
242
202
983
172
341
240
322
11
444
134
936
821
245
135
660
550
534
944
864
862
871
431
646
510
363
614
116
564
944
741
711
780
310
445
261
143
333
191
882
151
584
794
336
121
654
305
748
102
949
855
496
552
21
27
230
794
75
797
38
430
283
42
89
640
214
812
801
985
666
600
609
297
778
139
970
820
460
797
809
899
556
858
214
148
805
365
915
633
15
762
733
376
429
563
341
256
526
400
928
115
925
73
481
606
923
280
442
459
576
402
929
952
988
14
965
71
935
470
855
969
399
439
449
645
210
824
970
615
38
140
622
650
286
985
247
602
697
97
68
764
513
932
842
871
818
561
221
451
614
707
170
456
194
911
192
522
200
907
689
67
867
69
867
779
223
50
67
429
643
877
939
206
596
371
934
654
691
77
253
906
526
344
842
343
447
578
26
904
194
39
584
287
136
537
611
668
718
666
368
119
85
837
208
509
883
759
829
199
458
696
225
312
346
804
501
994
560
142
725
619
774
289
131
37
330
170
305
513
200
116
290
636
395
860
797
514
981
295
142
215
488
554
590
65
590
115
138
378
554
363
952
846
260
704
485
951
246
388
616
735
213
671
85
540
399
49
986
567
840
783
889
336
332
844
969
103
615
291
920
531
156
987
459
201
39
223
966
466
997
772
128
806
168
378
279
740
390
214
670
645
202
923
78
235
881
647
607
462
271
516
567
274
433
291
940
411
915
355
935
876
725
384
488
376
89
892
723
207
962
517
228
369
109
360
151
133
689
34
438
920
701
876
538
337
527
411
350
69
897
666
345
896
458
586
544
965
92
464
396
693
907
766
356
91
831
84
847
224
942
818
791
629
729
901
808
296
148
490
396
550
266
668
378
824
938
179
666
822
505
355
161
759
254
764
949
944
391
600
887
702
402
613
682
637
78
991
787
232
715
628
133
514
984
262
628
471
817
593
650
41
403
244
137
244
374
944
660
439
347
639
180
225
571
286
342
536
899
144
816
682
655
374
859
759
965
667
350
101
144
56
940
556
151
73
253
367
697
272
300
11
950
303
507
708
78
150
960
585
438
164
71
499
909
102
808
795
562
181
670
679
54
118
625
632
376
285
321
620
489
573
89
330
580
269
605
93
888
350
789
841
161
84
52
176
981
758
967
5
30
299
519
177
712
980
237
31
422
826
960
980
984
18
560
417
182
558
840
81
937
309
73
817
231
438
751
429
967
293
386
107
173
53
447
68
842
567
92
375
237
230
135
731
546
356
656
405
620
551
643
667
53
488
304
934
433
767
27
448
632
30
16
970
574
273
348
717
866
906
135
10
722
784
77
79
14
417
583
907
505
977
53
491
403
887
773
918
687
467
812
363
90
736
888
884
924
130
492
358
673
889
853
401
858
170
171
213
668
461
376
525
20
812
152
821
471
243
603
943
326
57
882
492
481
524
655
430
342
982
146
116
506
929
938
23
105
406
561
258
959
362
637
566
586
324
499
555
55
396
488
825
326
678
266
247
396
821
715
173
485
235
53
678
132
187
193
551
513
845
904
875
465
121
332
510
932
782
5
104
688
510
884
852
977
683
876
28
315
602
418
749
363
542
866
267
984
63
69
37
544
394
287
684
190
983
16
903
163
317
682
654
67
491
727
365
833
776
40
952
221
716
271
797
171
321
276
478
827
905
113
936
721
288
963
294
362
536
130
981
315
486
991
158
365
316
981
207
842
80
454
718
637
448
746
946
105
171
241
801
353
92
891
352
691
318
859
878
28
871
462
442
6
68
229
390
56
395
91
761
356
634
305
215
310
184
136
24
294
62
912
375
712
678
924
427
949
23
729
745
54
677
663
136
979
960
201
227
437
490
553
617
733
767
843
809
688
134
477
179
207
246
442
542
387
485
364
490
697
637
407
51
783
174
615
551
712
230
94
828
949
126
588
764
318
212
322
576
437
894
983
573
934
561
622
77
320
554
556
741
191
339
920
794
709
165
960
40
272
600
824
171
44
317
502
289
59
187
591
368
633
20
669
407
889
486
819
96
146
827
900
954
82
385
44
691
314
625
909
995
306
553
920
264
532
490
803
542
541
451
641
856
907
337
708
362
754
243
795
850
300
393
124
573
663
877
276
911
696
515
669
626
657
417
792
741
136
848
863
37
221
809
648
921
200
908
930
719
154
111
228
589
959
323
389
138
967
525
286
85
614
872
235
936
977
476
878
468
95
750
304
74
475
489
639
67
780
494
944
218
814
289
480
388
215
523
742
206
969
839
569
100
682
747
621
741
741
410
253
946
230
452
158
839
812
812
644
647
782
443
711
603
400
503
49
603
974
486
570
986
937
260
939
505
270
411
417
106
244
678
499
8
971
619
96
185
79
560
447
896
119
669
926
60
303
515
106
410
87
176
712
781
658
214
462
437
35
662
355
927
719
217
119
239
894
739
65
382
542
74
43
450
70
895
790
712
391
360
409
363
339
529
170
768
888
64
339
290
563
846
714
605
63
710
303
470
497
105
905
276
103
209
531
737
706
760
212
109
566
667
621
789
476
462
90
437
16
834
144
684
625
792
117
416
865
563
496
538
318
602
784
978
123
472
693
800
452
494
949
39
695
147
761
967
645
931
926
855
531
801
970
545
699
986
912
376
491
109
953
544
301
478
243
546
35
593
159
567
19
495
958
687
78
189
341
181
330
788
259
370
248
575
146
132
826
37
314
43
345
577
458
336
677
136
333
682
353
976
86
981
909
231
306
752
641
960
129
249
906
880
206
784
54
980
811
111
991
922
143
478
175
483
911
440
78
876
724
242
45
422
34
412
487
114
831
58
994
11
293
692
422
36
456
124
385
391
211
757
236
858
664
692
833
391
348
83
222
831
95
262
562
509
586
121
660
9
744
615
660
205
718
752
83
370
671
789
887
911
515
265
596
818
960
576
68
569
771
513
384
622
275
634
456
524
281
845
63
864
745
575
137
227
901
56
590
211
721
33
250
774
792
546
572
777
325
738
782
177
409
272
417
980
515
996
528
807
60
63
376
738
858
464
750
524
959
535
242
648
556
184
895
886
699
952
28
109
702
370
270
676
344
457
207
297
939
321
981
951
333
277
580
923
348
84
172
781
339
60
843
891
86
469
952
452
692
749
83
247
97
258
777
142
274
229
73
795
203
355
850
531
969
936
592
746
967
893
438
809
145
420
14
972
457
925
805
361
777
754
239
440
444
986
681
571
213
907
998
458
169
685
303
47
74
469
753
985
432
272
191
502
579
905
997
984
839
636
170
689
488
63
635
996
591
979
428
453
432
777
661
848
371
731
315
272
228
280
914
123
548
565
542
787
256
668
431
533
702
922
703
595
167
572
851
275
879
350
525
567
988
831
395
435
720
518
754
409
988
185
604
741
912
139
579
80
894
62
259
978
565
215
499
814
222
649
615
963
554
971
915
517
356
982
445
880
320
790
236
383
353
262
127
488
401
60
863
631
804
391
162
627
897
898
830
102
509
304
687
337
520
35
859
518
162
670
968
546
918
50
91
704
444
591
984
412
377
561
860
539
223
151
687
276
404
180
644
998
91
864
377
824
633
612
957
519
469
777
461
776
246
659
116
277
520
921
220
283
656
571
341
489
795
613
936
938
856
771
110
885
548
359
504
183
190
387
985
808
789
159
192
642
101
209
252
65
30
995
70
130
598
809
787
564
547
227
590
340
915
571
220
625
716
770
402
409
574
365
286
599
756
846
152
225
481
66
808
338
928
897
606
567
83
696
728
552
962
825
916
761
960
62
920
748
375
692
117
416
823
391
100
589
738
464
770
558
258
897
46
696
945
109
162
574
142
464
769
837
254
171
776
970
32
166
636
356
243
690
873
614
784
781
944
444
338
889
997
43
433
412
599
486
269
365
767
395
340
547
656
956
584
515
561
539
73
384
689
531
608
735
834
484
887
37
886
465
985
845
121
70
724
991
790
404
273
949
626
292
620
954
397
412
969
631
587
20
552
988
500
287
252
510
61
47
710
790
354
204
491
394
218
303
64
34
194
152
270
688
154
638
558
429
65
603
797
40
934
416
290
807
823
985
736
602
714
597
339
595
222
470
711
56
179
516
254
79
602
691
220
428
638
83
759
386
718
370
441
609
264
313
976
452
116
777
779
972
789
366
765
181
377
940
284
143
64
758
252
604
391
215
553
145
263
413
357
25
112
18
275
915
493
798
743
937
371
795
19
648
128
920
96
273
694
786
490
33
806
23
291
69
772
105
516
664
769
469
77
783
60
868
501
889
49
46
665
50
632
347
426
489
870
727
921
925
902
361
300
967
401
607
973
710
283
676
463
70
488
960
129
792
91
314
543
188
714
671
209
828
260
252
917
840
562
831
206
349
912
981
161
679
221
222
446
581
477
802
214
323
18
532
576
532
486
626
92
378
818
194
359
839
154
692
483
284
204
59
557
480
542
830
16
91
260
973
667
761
283
712
763
7
42
139
709
949
66
217
241
296
904
813
442
674
330
792
29
936
756
276
417
134
382
458
508
748
201
837
336
498
360
856
881
327
27
230
574
399
608
679
472
499
139
792
126
176
844
780
689
462
377
609
773
53
453
258
640
146
32
465
271
987
688
111
838
239
728
516
5
130
949
244
773
134
968
927
405
362
233
994
965
249
486
57
174
629
885
228
800
888
562
163
472
237
169
135
343
357
458
174
857
802
364
694
783
404
656
221
180
248
457
916
8
511
803
622
451
221
71
512
399
979
290
574
213
484
924
539
612
614
201
526
32
777
587
450
539
479
783
875
142
103
919
531
479
836
833
26
654
323
613
468
38
983
554
586
452
818
689
949
77
559
549
460
492
973
904
123
259
557
672
421
693
753
695
955
493
489
967
407
977
403
448
226
140
187
760
626
564
369
409
152
702
992
540
793
291
771
34
816
606
93
791
811
987
226
502
332
791
564
271
316
436
997
40
136
937
882
656
638
217
75
559
387
727
190
359
149
84
197
958
907
6
441
662
32
374
894
970
674
810
580
840
31
974
786
834
393
76
792
692
563
760
85
650
232
984
568
842
253
791
466
505
323
490
512
846
515
475
467
777
760
5
474
186
457
415
467
55
838
861
690
565
769
519
705
658
867
593
761
910
829
188
138
342
762
571
8
512
333
872
637
731
366
420
310
908
447
343
775
732
795
948
474
716
285
634
396
98
322
111
696
998
410
142
990
806
54
803
847
287
142
406
792
525
127
30
445
87
34
626
658
423
924
581
274
278
827
103
116
512
656
96
972
407
143
375
583
331
833
561
529
811
859
935
774
390
687
766
518
188
328
926
751
298
105
79
261
61
480
9
262
846
891
414
709
280
273
689
75
286
679
264
231
792
825
725
757
108
178
650
248
890
259
823
205
546
36
346
684
117
411
901
141
430
871
23
176
942
600
658
10
914
345
886
86
496
465
12
473
283
235
111
706
410
254
387
454
431
313
391
772
418
741
811
950
466
883
507
813
622
462
568
227
559
159
688
749
799
671
530
42
471
403
493
464
68
158
135
690
429
41
277
183
719
501
252
307
908
156
293
416
972
788
480
601
266
729
884
42
648
578
297
993
653
122
638
784
10
281
380
343
147
125
438
546
834
569
774
873
619
27
674
145
630
151
71
53
859
458
386
14
238
526
149
81
311
122
298
37
464
481
432
677
934
646
40
657
7
984
556
94
261
339
716
934
582
97
286
167
676
81
76
482
383
810
307
513
239
592
574
253
473
496
240
666
395
491
743
817
743
802
894
257
704
301
676
221
994
649
29
350
96
262
195
633
845
805
583
562
266
587
115
772
820
50
514
905
476
643
278
204
446
213
359
833
689
380
918
345
579
312
208
670
848
566
897
125
916
604
916
128
64
446
456
984
74
771
605
45
819
567
878
850
695
759
958
716
858
839
849
363
938
470
95
849
252
127
658
669
691
528
573
590
543
719
949
102
404
816
391
194
92
674
531
772
872
742
459
574
102
619
884
362
736
153
392
826
93
556
845
38
509
707
85
117
563
567
511
993
944
225
213
515
585
681
890
861
170
714
850
608
849
70
232
663
472
448
756
41
935
603
683
761
948
156
181
38
121
677
651
548
880
503
354
581
287
454
765
635
17
643
462
427
62
247
961
613
514
739
572
367
709
291
305
852
635
186
131
206
891
559
104
804
124
328
833
210
83
184
614
245
115
57
619
514
271
213
390
324
432
827
692
143
298
86
13
407
651
626
319
691
559
163
907
39
231
977
440
37
545
555
516
256
989
568
600
552
268
302
410
675
655
11
54
209
605
813
623
482
302
425
877
215
377
982
607
926
649
846
741
724
327
413
761
400
991
474
353
778
724
88
376
206
638
596
542
205
240
27
589
474
670
127
120
488
293
377
912
789
249
159
894
296
756
728
315
797
13
926
171
914
952
747
408
536
413
307
54
156
9
770
944
480
952
641
954
137
243
220
111
246
995
297
508
304
975
372
702
609
82
952
658
961
421
422
183
307
159
587
809
722
87
879
55
717
649
515
265
46
667
329
740
123
313
381
121
954
880
688
926
348
661
312
384
922
445
949
528
545
628
644
970
893
692
37
397
772
329
644
531
875
110
45
294
822
949
848
296
119
87
69
837
86
44
701
644
899
596
169
693
493
974
608
236
839
190
226
973
624
10
821
473
243
799
965
979
374
754
28
585
854
890
521
853
553
973
523
541
675
818
362
932
773
481
746
659
51
116
678
619
167
971
865
519
899
313
408
269
607
798
643
597
617
36
881
101
956
468
808
765
33
293
616
973
419
440
688
565
526
45
833
655
821
528
717
425
541
45
253
800
936
778
544
81
232
154
498
903
412
46
419
460
607
317
306
886
440
426
34
633
819
869
254
120
248
485
123
589
685
301
356
356
5
489
358
789
825
716
493
948
204
6
712
34
864
801
307
974
297
691
147
801
908
919
131
161
583
373
92
516
356
291
361
681
831
10
311
886
60
855
87
832
991
440
151
628
688
957
119
833
909
436
5
386
928
661
857
245
886
115
653
719
724
725
240
81
51
310
982
34
670
502
508
396
644
870
436
901
114
146
120
864
137
171
182
243
204
932
575
626
301
351
714
457
516
467
962
376
365
648
876
309
513
325
753
402
263
594
511
844
146
327
216
571
396
265
501
760
37
71
647
881
294
642
514
435
455
412
796
190
28
169
450
594
71
247
65
189
390
443
281
551
939
212
457
576
590
882
24
680
68
292
374
539
507
501
164
485
735
18
864
256
892
425
652
881
856
666
647
304
63
508
958
771
83
342
810
793
847
636
299
977
561
718
622
149
938
476
409
460
962
448
653
785
212
892
334
630
846
263
454
147
740
124
99
120
34
21
684
637
926
746
952
627
147
874
500
597
421
582
528
980
920
350
214
919
945
424
217
981
992
519
884
155
102
720
928
913
58
141
609
738
655
163
677
198
628
82
626
53
257
645
833
994
783
330
946
407
832
521
631
850
458
72
307
573
542
405
972
459
232
972
547
175
723
89
673
6
262
663
393
811
554
732
242
593
50
244
538
248
843
100
260
684
297
25
892
172
228
717
840
650
439
463
22
455
20
780
323
717
177
420
117
987
609
14
658
980
911
930
694
483
80
986
345
657
570
40
264
371
656
890
793
848
511
103
732
584
267
750
34
613
794
331
707
742
558
147
998
598
592
272
657
27
201
184
772
943
143
439
36
601
860
417
140
101
863
919
506
60
546
351
283
720
567
436
697
42
349
153
46
117
641
844
960
579
73
238
408
618
816
998
881
874
687
219
935
174
157
798
627
529
54
349
580
587
127
383
57
378
551
106
987
261
160
824
115
456
974
341
612
510
784
661
615
919
555
844
539
184
223
196
306
363
585
195
258
574
138
135
440
847
352
460
322
347
100
719
952
637
575
664
76
502
254
531
498
787
495
958
301
83
483
656
188
817
272
49
86
912
224
452
795
297
991
638
74
485
712
240
814
531
981
189
813
652
665
868
124
385
975
852
790
405
175
993
629
126
924
363
764
93
6
251
954
763
916
74
596
332
498
334
111
12
397
216
951
426
616
122
41
937
934
98
404
322
958
646
740
812
471
820
175
637
418
59
691
362
889
651
977
53
377
561
500
793
449
905
610
775
568
376
544
385
534
48
974
115
250
197
802
783
477
680
593
935
837
163
456
676
808
589
816
90
487
188
675
234
877
585
707
703
684
932
606
870
168
444
725
337
20
727
230
648
130
455
850
284
420
239
304
889
179
930
390
498
499
393
346
659
597
564
350
442
959
137
283
96
103
748
120
973
725
368
651
978
161
639
496
344
706
717
218
425
143
157
337
487
467
289
47
31
780
155
343
636
670
173
834
947
869
564
866
722
680
772
677
941
166
122
982
752
55
865
83
960
511
109
805
314
262
601
805
551
355
101
819
252
70
685
859
430
499
731
164
507
385
256
687
948
104
995
845
583
365
722
15
220
588
173
574
426
656
687
6
989
984
882
233
972
612
22
610
142
491
389
680
95
971
578
655
269
928
650
476
532
674
99
270
803
526
312
527
795
378
540
216
283
523
454
349
187
306
307
579
493
55
654
782
355
854
514
831
955
502
635
14
582
523
356
620
408
459
867
898
260
990
596
316
6
485
453
337
970
235
132
372
128
308
26
820
532
868
344
125
609
302
972
634
327
961
370
597
718
801
771
317
759
771
432
866
930
875
42
806
27
909
462
593
759
333
587
434
974
333
593
383
165
435
615
80
659
476
774
377
492
954
656
851
884
130
680
869
949
883
324
287
869
675
279
312
193
867
112
58
110
975
756
753
256
876
365
224
391
60
257
413
137
42
715
179
482
224
458
698
677
930
827
763
187
594
106
866
548
159
352
427
617
357
738
127
570
315
790
508
661
82
440
503
328
250
228
422
482
567
315
503
735
878
280
139
224
828
104
795
973
136
250
690
19
584
861
107
36
485
841
308
907
838
708
456
72
890
798
110
855
934
465
212
286
941
253
873
704
289
888
536
115
156
61
217
935
59
832
955
353
958
853
747
708
418
74
176
333
868
522
83
235
214
10
457
446
199
564
421
760
647
109
333
607
488
844
780
624
68
187
213
109
648
630
199
649
734
358
266
171
967
767
720
462
346
621
569
546
931
576
127
145
60
987
861
276
278
149
656
674
592
832
906
182
463
848
179
723
428
618
213
476
417
993
420
131
31
290
15
400
388
701
559
635
732
17
646
7
948
363
105
757
934
464
52
159
359
90
824
973
51
260
429
783
257
965
375
706
149
247
217
280
36
851
168
600
948
824
223
880
48
679
851
117
176
198
687
35
94
958
26
238
33
744
275
33
730
735
240
434
719
353
781
494
692
612
75
594
637
785
282
707
891
656
330
105
303
824
188
688
314
617
583
96
81
862
25
251
287
569
109
971
153
311
495
167
551
811
918
239
670
595
15
430
492
53
12
109
223
723
518
337
667
450
969
323
652
779
358
502
909
279
201
580
114
642
557
978
998
100
472
828
28
635
344
486
601
785
290
212
413
831
475
971
229
178
849
363
971
114
71
286
759
984
980
504
108
228
29
618
82
560
703
771
405
56
154
890
423
167
525
112
37
205
506
773
962
897
571
557
252
900
227
521
993
460
756
964
233
184
233
997
440
888
977
412
60
447
276
60
558
932
804
493
424
242
667
118
639
923
798
922
130
306
362
228
858
308
758
82
272
359
939
877
743
699
979
911
591
919
41
850
949
286
454
933
144
27
449
799
991
390
725
32
925
857
566
486
46
265
14
270
505
395
229
714
361
614
470
809
882
418
927
640
343
245
561
954
607
779
563
151
733
64
55
760
655
582
779
223
729
249
884
130
23
896
893
120
504
81
61
173
993
224
324
816
584
286
974
78
673
59
907
139
529
747
283
187
542
791
84
218
998
566
15
121
844
492
901
99
941
306
252
442
199
468
306
8
430
618
114
426
220
741
192
662
373
875
337
328
68
259
476
200
640
347
349
515
755
236
970
347
762
621
594
49
99
503
705
841
659
48
91
33
413
136
491
940
183
907
550
722
650
819
539
287
66
457
340
995
174
526
651
830
902
250
831
460
517
140
133
962
8
185
593
689
860
157
808
149
869
134
669
845
18
326
817
924
742
845
651
788
43
68
37
356
669
227
622
833
880
886
344
496
340
579
127
175
193
780
29
597
394
691
465
318
496
692
733
665
807
150
719
539
778
691
890
648
472
684
246
456
873
16
128
970
623
292
6
984
381
910
295
253
602
650
796
321
566
420
926
458
230
678
105
739
718
851
984
196
962
686
889
996
468
734
193
755
70
254
484
940
119
215
286
395
349
878
170
597
74
79
666
621
280
500
352
781
224
378
661
512
441
673
953
938
169
428
621
596
126
454
225
177
597
508
263
407
234
574
569
98
169
195
917
136
345
101
715
64
22
862
954
906
465
170
237
64
537
897
946
793
445
924
879
582
838
962
919
208
812
750
120
700
246
905
491
23
805
962
905
335
244
326
959
162
77
759
30
303
505
513
482
354
888
722
533
408
410
486
671
657
839
99
177
456
446
127
625
641
416
42
624
629
159
893
37
375
348
835
457
111
202
557
457
930
533
928
637
775
920
748
412
146
975
276
115
198
966
250
572
909
784
269
902
661
963
41
946
964
302
155
401
18
469
944
885
288
515
49
674
376
758
639
157
680
506
157
594
305
767
402
673
208
665
972
244
398
241
772
8
54
777
166
338
12
371
177
983
863
910
575
236
175
207
239
447
578
946
508
37
976
413
507
986
607
927
608
833
724
577
397
395
433
366
86
631
375
742
234
365
871
375
910
652
461
380
907
870
316
719
921
226
359
431
333
102
355
788
585
137
703
484
48
97
725
234
655
222
649
273
807
472
74
616
560
293
804
715
479
585
675
665
252
852
932
334
338
469
980
123
954
754
394
748
818
404
608
804
184
190
766
165
899
934
63
575
257
442
287
434
627
90
93
908
869
686
783
776
359
957
378
805
864
43
524
269
640
718
689
298
70
243
288
607
861
197
263
659
821
547
945
350
584
966
187
818
908
443
111
874
549
77
177
6
147
644
46
450
214
405
12
480
382
48
824
711
226
599
196
545
676
632
286
637
443
654
413
496
117
281
411
480
228
16
202
509
986
793
604
310
534
38
956
315
822
363
583
948
360
461
452
73
274
432
863
802
260
282
946
70
320
52
775
197
141
671
798
910
274
457
993
708
751
922
166
363
228
844
45
743
416
301
39
237
956
538
635
953
142
813
376
620
87
162
839
465
960
479
186
88
896
9
781
112
648
752
784
729
808
87
851
584
335
286
142
78
767
344
268
227
765
184
69
487
251
441
800
104
109
205
211
788
157
695
476
939
171
889
13
488
548
767
359
107
969
707
728
806
869
243
911
776
66
653
14
269
312
338
403
292
752
843
316
97
862
958
830
760
72
415
427
715
761
615
195
995
287
976
438
134
194
477
642
146
926
931
255
49
596
182
765
750
570
863
817
499
830
901
376
216
169
465
7
23
135
620
994
536
359
172
340
675
485
974
230
190
158
46
347
250
153
643
648
92
293
344
561
470
335
796
496
118
370
28
189
177
71
554
193
540
251
830
738
468
50
17
395
466
784
58
587
548
284
681
679
876
964
877
287
838
886
430
7
662
876
708
548
574
522
979
537
945
668
159
425
505
28
125
75
863
426
975
937
864
944
257
478
524
193
778
732
817
597
745
828
149
63
269
335
302
914
941
843
46
928
79
79
472
798
175
378
817
480
871
904
195
50
171
196
671
331
111
956
997
210
118
656
790
528
901
75
53
413
65
783
960
288
798
799
290
895
887
933
619
870
236
97
500
792
543
565
937
41
71
493
24
383
599
496
147
713
735
48
233
678
606
85
923
881
980
312
640
760
682
151
487
700
301
802
184
57
97
79
370
339
965
186
217
277
823
297
84
885
143
359
69
768
204
615
293
70
939
11
105
895
438
67
513
288
199
266
174
643
512
852
832
469
508
930
346
578
358
762
77
588
551
187
58
486
544
395
772
307
112
949
67
189
131
124
344
240
717
964
305
446
213
65
133
159
498
351
753
869
49
624
972
739
373
818
623
478
696
255
177
694
850
37
873
905
690
663
586
893
222
936
298
547
186
65
614
989
808
946
21
723
969
254
265
15
260
281
391
158
524
892
549
468
317
273
539
760
32
623
162
677
427
537
966
921
916
373
540
949
322
643
682
438
380
806
488
417
262
878
261
65
328
998
212
809
932
616
545
661
863
97
689
495
780
220
596
705
338
645
254
747
611
563
199
48
637
368
512
866
684
520
697
43
841
822
223
615
359
820
896
41
663
819
679
700
614
692
652
83
155
332
277
710
697
70
66
167
731
495
859
259
568
890
431
692
516
540
437
914
730
8
433
620
182
197
770
560
56
83
392
440
534
453
354
245
335
213
504
69
17
444
980
644
448
441
579
480
981
669
244
980
62
201
967
48
806
663
975
853
492
112
218
356
253
640
412
628
584
74
335
547
887
481
308
5
680
467
323
326
947
554
63
894
21
606
225
35
375
47
938
345
235
586
453
99
822
624
302
5
190
525
884
806
411
605
935
833
54
550
742
445
18
346
58
40
917
511
273
48
872
69
498
869
560
57
129
991
911
551
957
22
811
936
90
748
534
887
282
160
341
177
235
742
861
591
706
533
289
242
136
397
385
246
424
439
571
733
419
253
455
723
748
404
842
710
169
486
928
424
200
43
962
357
531
400
301
242
265
849
574
248
446
125
951
12
662
487
931
948
651
203
273
457
433
247
491
419
262
904
672
894
847
136
346
904
994
968
692
40
178
210
250
581
632
227
567
157
810
748
668
353
52
813
213
280
974
245
212
81
293
382
103
25
870
592
752
420
17
323
271
551
825
854
770
733
542
940
182
84
887
861
364
882
759
430
901
74
344
417
370
844
658
183
811
511
208
114
973
755
622
687
619
767
142
740
411
549
680
119
429
809
129
566
911
42
517
669
238
980
151
770
196
740
473
853
344
462
269
794
351
45
196
891
229
502
487
231
754
874
995
388
54
144
871
692
919
903
795
85
272
855
389
121
514
342
597
768
666
412
990
274
437
480
821
13
792
124
200
505
941
743
334
132
539
445
854
600
57
735
586
274
6
698
716
519
387
507
806
794
295
241
452
107
171
35
895
64
660
751
963
922
573
741
946
893
267
153
438
39
420
66
301
118
118
991
651
907
226
888
438
515
976
249
962
806
63
526
779
419
330
685
168
126
483
481
493
895
372
730
45
42
145
563
723
100
900
898
700
912
672
374
53
752
481
897
704
606
728
594
646
625
335
230
23
892
875
403
360
213
260
349
73
628
17
122
888
6
498
472
390
975
565
395
421
580
619
84
475
990
972
347
235
901
331
629
579
441
374
851
818
503
91
801
350
273
256
356
523
383
566
342
528
918
308
504
294
69
279
397
304
87
259
42
821
828
953
533
450
180
826
385
482
361
210
381
296
621
605
265
513
767
689
844
452
109
385
973
207
153
117
647
449
387
819
624
768
694
201
129
941
12
821
118
329
282
984
896
342
347
338
929
125
48
934
48
962
270
995
191
293
263
362
121
622
146
650
721
443
446
54
645
364
175
869
621
815
350
281
515
597
113
790
381
194
131
226
993
787
969
351
532
293
107
597
561
756
834
417
581
506
530
840
118
760
412
466
495
901
911
307
49
801
22
887
6
450
302
544
151
399
349
629
801
780
679
861
560
479
291
740
590
320
222
661
980
102
622
843
51
362
536
592
389
611
732
119
424
543
287
570
644
920
717
542
109
132
300
535
232
528
210
262
487
20
735
901
76
703
892
179
351
235
645
694
319
498
146
957
429
521
858
767
680
110
932
571
213
642
886
767
948
396
37
25
427
770
332
927
662
711
15
949
795
591
770
952
160
620
430
927
555
199
502
122
543
482
701
379
138
626
347
358
587
649
804
643
423
365
964
669
423
368
526
322
584
450
917
700
167
497
19
742
591
271
174
954
413
96
667
990
665
829
509
139
727
699
945
59
564
332
75
268
426
399
585
877
382
222
144
427
676
859
291
526
327
717
213
252
670
481
402
768
645
190
571
288
106
285
889
508
291
912
133
929
533
711
519
675
625
151
343
684
190
146
942
590
508
375
877
217
523
293
887
524
372
190
253
987
885
917
654
632
264
516
642
150
822
660
585
102
490
660
527
957
237
730
64
398
25
255
93
177
451
293
510
573
572
131
706
293
332
33
232
595
318
535
842
960
596
732
869
137
587
175
244
467
187
186
946
320
34
765
382
504
436
669
428
422
836
107
326
481
864
675
318
530
916
489
700
397
727
596
755
281
891
325
570
417
890
334
339
395
353
571
994
491
577
670
601
121
402
503
960
168
98
526
165
304
969
69
809
717
771
632
760
28
264
756
66
370
783
66
168
805
228
82
841
206
272
883
18
548
314
306
941
284
589
130
626
549
715
398
828
393
111
193
351
797
255
7
919
205
219
412
8
812
631
723
578
84
294
754
719
144
642
70
752
438
322
525
108
461
788
43
655
775
832
821
205
21
477
983
559
53
197
477
65
286
532
660
221
930
148
534
975
590
507
92
240
727
277
444
785
283
974
716
124
353
441
827
401
164
568
48
15
812
458
315
987
730
349
116
86
147
170
70
381
849
632
694
495
92
223
138
445
93
293
947
663
676
77
211
370
90
640
566
502
220
56
641
12
681
692
44
613
488
659
396
387
809
818
167
947
403
905
734
428
385
142
102
861
924
494
445
834
871
72
91
429
310
196
468
600
330
789
678
439
837
710
52
335
232
555
582
383
562
170
179
698
868
490
83
836
487
589
21
591
259
609
17
376
77
484
994
825
378
471
890
363
413
257
321
862
316
311
894
936
341
687
967
912
870
991
952
386
767
368
652
385
575
187
372
551
78
515
398
931
75
676
822
937
293
319
809
338
499
728
80
727
192
578
768
194
594
308
988
190
594
397
246
890
90
313
102
417
979
724
738
468
903
27
473
7
693
186
878
538
475
294
381
796
177
144
405
792
807
880
25
818
361
854
134
780
290
585
430
83
431
885
455
769
694
499
422
347
446
610
882
754
449
955
884
401
648
975
259
721
117
195
810
956
420
829
114
766
719
608
606
107
399
671
204
831
15
401
278
749
972
73
124
511
578
656
660
423
534
713
729
486
152
159
822
914
650
254
91
48
920
750
529
210
141
686
630
355
722
486
901
817
285
248
667
954
512
391
34
210
794
496
408
841
301
669
778
644
545
913
947
697
318
617
986
150
868
711
532
676
199
649
829
346
623
499
156
760
688
13
840
613
306
182
354
716
964
125
315
202
410
283
519
23
384
311
226
897
412
952
571
881
726
770
14
845
206
715
677
319
253
58
844
199
393
949
572
626
625
171
39
820
239
371
498
112
298
190
342
176
164
978
330
544
327
491
917
779
445
104
428
901
863
644
649
131
990
47
385
203
178
528
170
84
509
300
581
240
650
184
321
394
118
542
500
755
726
452
752
82
802
74
290
855
671
250
547
588
414
507
488
575
638
379
257
925
291
569
483
610
108
5
614
643
734
319
565
244
438
513
878
38
980
818
680
688
767
228
449
423
402
269
57
463
791
716
823
280
606
494
244
575
671
527
50
452
149
680
293
740
45
373
761
974
93
180
834
776
209
365
785
745
927
272
402
53
116
598
272
679
741
622
61
11
319
174
982
473
543
94
102
915
623
956
794
516
142
870
123
912
816
169
834
699
70
751
925
124
854
760
649
848
457
816
235
915
679
226
913
607
435
380
804
416
415
572
650
767
554
589
608
849
126
384
124
476
22
602
842
226
253
355
14
565
235
369
381
742
469
600
829
871
558
998
92
104
300
864
710
524
75
621
574
964
964
481
622
975
235
861
579
52
243
432
542
750
660
515
475
154
390
340
457
620
933
550
812
749
904
455
460
382
339
71
389
357
66
157
441
278
567
199
426
406
547
289
91
844
214
355
33
109
31
57
676
222
787
549
371
529
626
310
549
608
241
716
555
29
499
167
600
166
824
688
783
64
457
692
701
692
40
185
788
186
874
846
489
387
976
246
270
162
556
368
580
56
443
935
353
460
87
234
570
192
568
494
90
506
331
291
977
597
892
507
310
349
523
578
464
484
677
872
837
968
29
959
607
769
372
45
575
679
378
166
859
515
470
498
750
12
987
913
237
744
149
726
909
249
153
250
551
813
91
712
812
560
540
136
565
643
247
926
728
505
650
660
307
635
160
458
491
684
595
123
90
822
23
631
788
177
846
810
298
386
269
748
476
310
298
154
249
114
83
450
716
28
520
37
216
560
776
69
402
721
908
582
461
439
523
145
17
77
278
886
605
968
405
959
138
622
491
972
684
328
849
156
352
615
16
725
361
828
663
51
648
357
50
440
758
127
415
929
74
569
788
356
608
421
106
652
486
418
748
465
221
346
840
817
399
69
516
467
132
69
422
959
928
616
25
502
83
151
423
709
247
292
85
753
237
546
410
815
378
781
682
730
642
102
206
472
46
290
840
427
449
380
850
539
799
302
547
392
253
979
339
748
366
512
407
815
505
142
48
65
815
987
254
176
65
216
671
350
755
914
859
248
272
911
121
671
716
477
948
588
150
16
665
899
766
221
395
144
680
500
163
734
184
581
875
961
391
276
940
226
295
252
929
828
265
768
810
687
717
744
557
173
403
747
300
449
138
351
877
448
638
941
524
39
27
404
256
187
535
611
483
678
129
418
79
831
981
466
665
63
156
109
852
558
908
959
243
929
412
216
812
52
615
361
170
717
902
888
390
560
822
632
985
536
338
142
69
288
954
364
261
138
701
839
532
270
188
284
995
265
312
566
538
574
170
149
111
356
807
518
282
906
592
487
647
691
41
450
63
14
656
52
707
92
704
777
391
469
255
919
887
332
363
803
791
301
242
202
983
172
341
240
322
11
444
134
936
821
245
135
660
550
534
944
864
862
871
431
646
510
363
614
116
564
944
741
711
780
310
445
261
143
333
191
882
151
584
794
336
121
654
305
748
102
949
855
496
552
21
27
230
794
75
797
38
430
283
42
89
640
214
812
801
985
666
600
609
297
778
139
970
820
460
797
809
899
556
858
214
148
805
365
915
633
15
762
733
376
429
563
341
256
526
400
928
115
925
73
481
606
923
280
442
459
576
402
929
952
988
14
965
71
935
470
855
969
399
439
449
645
210
824
970
615
38
140
622
650
286
985
247
602
697
97
68
764
513
932
842
871
818
561
221
451
614
707
170
456
194
911
192
522
200
907
689
67
867
69
867
779
223
50
67
429
643
877
939
206
596
371
934
654
691
77
253
906
526
344
842
343
447
578
26
904
194
39
584
287
136
537
611
668
718
666
368
119
85
837
208
509
883
759
829
199
458
696
225
312
346
804
501
994
560
142
725
619
774
289
131
37
330
170
305
513
200
116
290
636
395
860
797
514
981
295
142
215
488
554
590
65
590
115
138
378
554
363
952
846
260
704
485
951
246
388
616
735
213
671
85
540
399
49
986
567
840
783
889
336
332
844
969
103
615
291
920
531
156
987
459
201
39
223
966
466
997
772
128
806
168
378
279
740
390
214
670
645
202
923
78
235
881
647
607
462
271
516
567
274
433
291
940
411
915
355
935
876
725
384
488
376
89
892
723
207
962
517
228
369
109
360
151
133
689
34
438
920
701
876
538
337
527
411
350
69
897
666
345
896
458
586
544
965
92
464
396
693
907
766
356
91
831
84
847
224
942
818
791
629
729
901
808
296
148
490
396
550
266
668
378
824
938
179
666
822
505
355
161
759
254
764
949
944
391
600
887
702
402
613
682
637
78
991
787
232
715
628
133
514
984
262
628
471
817
593
650
41
403
244
137
244
374
944
660
439
347
639
180
225
571
286
342
536
899
144
816
682
655
374
859
759
965
667
350
101
144
56
940
556
151
73
253
367
697
272
300
11
950
303
507
708
78
150
960
585
438
164
71
499
909
102
808
795
562
181
670
679
54
118
625
632
376
285
321
620
489
573
89
330
580
269
605
93
888
350
789
841
161
84
52
176
981
758
967
5
30
299
519
177
712
980
237
31
422
826
960
980
984
18
560
417
182
558
840
81
937
309
73
817
231
438
751
429
967
293
386
107
173
53
447
68
842
567
92
375
237
230
135
731
546
356
656
405
620
551
643
667
53
488
304
934
433
767
27
448
632
30
16
970
574
273
348
717
866
906
135
10
722
784
77
79
14
417
583
907
505
977
53
491
403
887
773
918
687
467
812
363
90
736
888
884
924
130
492
358
673
889
853
401
858
170
171
213
668
461
376
525
20
812
152
821
471
243
603
943
326
57
882
492
481
524
655
430
342
982
146
116
506
929
938
23
105
406
561
258
959
362
637
566
586
324
499
555
55
396
488
825
326
678
266
247
396
821
715
173
485
235
53
678
132
187
193
551
513
845
904
875
465
121
332
510
932
782
5
104
688
510
884
852
977
683
876
28
315
602
418
749
363
542
866
267
984
63
69
37
544
394
287
684
190
983
16
903
163
317
682
654
67
491
727
365
833
776
40
952
221
716
271
797
171
321
276
478
827
905
113
936
721
288
963
294
362
536
130
981
315
486
991
158
365
316
981
207
842
80
454
718
637
448
746
946
105
171
241
801
353
92
891
352
691
318
859
878
28
871
462
442
6
68
229
390
56
395
91
761
356
634
305
215
310
184
136
24
294
62
912
375
712
678
924
427
949
23
729
745
54
677
663
136
979
960
201
227
437
490
553
617
733
767
843
809
688
134
477
179
207
246
442
542
387
485
364
490
697
637
407
51
783
174
615
551
712
230
94
828
949
126
588
764
318
212
322
576
437
894
983
573
934
561
622
77
320
554
556
741
191
339
920
794
709
165
960
40
272
600
824
171
44
317
502
289
59
187
591
368
633
20
669
407
889
486
819
96
146
827
900
954
82
385
44
691
314
625
909
995
306
553
920
264
532
490
803
542
541
451
641
856
907
337
708
362
754
243
795
850
300
393
124
573
663
877
276
911
696
515
669
626
657
417
792
741
136
848
863
37
221
809
648
921
200
908
930
719
154
111
228
589
959
323
389
138
967
525
286
85
614
872
235
936
977
476
878
468
95
750
304
74
475
489
639
67
780
494
944
218
814
289
480
388
215
523
742
206
969
839
569
100
682
747
621
741
741
410
253
946
230
452
158
839
812
812
644
647
782
443
711
603
400
503
49
603
974
486
570
986
937
260
939
505
270
411
417
106
244
678
499
8
971
619
96
185
79
560
447
896
119
669
926
60
303
515
106
410
87
176
712
781
658
214
462
437
35
662
355
927
719
217
119
239
894
739
65
382
542
74
43
450
70
895
790
712
391
360
409
363
339
529
170
768
888
64
339
290
563
846
714
605
63
710
303
470
497
105
905
276
103
209
531
737
706
760
212
109
566
667
621
789
476
462
90
437
16
834
144
684
625
792
117
416
865
563
496
538
318
602
784
978
123
472
693
800
452
494
949
39
695
147
761
967
645
931
926
855
531
801
970
545
699
986
912
376
491
109
953
544
301
478
243
546
35
593
159
567
19
495
958
687
78
189
341
181
330
788
259
370
248
575
146
132
826
37
314
43
345
577
458
336
677
136
333
682
353
976
86
981
909
231
306
752
641
960
129
249
906
880
206
784
54
980
811
111
991
922
143
478
175
483
911
440
78
876
724
242
45
422
34
412
487
114
831
58
994
11
293
692
422
36
456
124
385
391
211
757
236
858
664
692
833
391
348
83
222
831
95
262
562
509
586
121
660
9
744
615
660
205
718
752
83
370
671
789
887
911
515
265
596
818
960
576
68
569
771
513
384
622
275
634
456
524
281
845
63
864
745
575
137
227
901
56
590
211
721
33
250
774
792
546
572
777
325
738
782
177
409
272
417
980
515
996
528
807
60
63
376
738
858
464
750
524
959
535
242
648
556
184
895
886
699
952
28
109
702
370
270
676
344
457
207
297
939
321
981
951
333
277
580
923
348
84
172
781
339
60
843
891
86
469
952
452
692
749
83
247
97
258
777
142
274
229
73
795
203
355
850
531
969
936
592
746
967
893
438
809
145
420
14
972
457
925
805
361
777
754
239
440
444
986
681
571
213
907
998
458
169
685
303
47
74
469
753
985
432
272
191
502
579
905
997
984
839
636
170
689
488
63
635
996
591
979
428
453
432
777
661
848
371
731
315
272
228
280
914
123
548
565
542
787
256
668
431
533
702
922
703
595
167
572
851
275
879
350
525
567
988
831
395
435
720
518
754
409
988
185
604
741
912
139
579
80
894
62
259
978
565
215
499
814
222
649
615
963
554
971
915
517
356
982
445
880
320
790
236
383
353
262
127
488
401
60
863
631
804
391
162
627
897
898
830
102
509
304
687
337
520
35
859
518
162
670
968
546
918
50
91
704
444
591
984
412
377
561
860
539
223
151
687
276
404
180
644
998
91
864
377
824
633
612
957
519
469
777
461
776
246
659
116
277
520
921
220
283
656
571
341
489
795
613
936
938
856
771
110
885
548
359
504
183
190
387
985
808
789
159
192
642
101
209
252
65
30
995
70
130
598
809
787
564
547
227
590
340
915
571
220
625
716
770
402
409
574
365
286
599
756
846
152
225
481
66
808
338
928
897
606
567
83
696
728
552
962
825
916
761
960
62
920
748
375
692
117
416
823
391
100
589
738
464
770
558
258
897
46
696
945
109
162
574
142
464
769
837
254
171
776
970
32
166
636
356
243
690
873
614
784
781
944
444
338
889
997
43
433
412
599
486
269
365
767
395
340
547
656
956
584
515
561
539
73
384
689
531
608
735
834
484
887
37
886
465
985
845
121
70
724
991
790
404
273
949
626
292
620
954
397
412
969
631
587
20
552
988
500
287
252
510
61
47
710
790
354
204
491
394
218
303
64
34
194
152
270
688
154
638
558
429
65
603
797
40
934
416
290
807
823
985
736
602
714
597
339
595
222
470
711
56
179
516
254
79
602
691
220
428
638
83
759
386
718
370
441
609
264
313
976
452
116
777
779
972
789
366
765
181
377
940
284
143
64
758
252
604
391
215
553
145
263
413
357
25
112
18
275
915
493
798
743
937
371
795
19
648
128
920
96
273
694
786
490
33
806
23
291
69
772
105
516
664
769
469
77
783
60
868
501
889
49
46
665
50
632
347
426
489
870
727
921
925
902
361
300
967
401
607
973
710
283
676
463
70
488
960
129
792
91
314
543
188
714
671
209
828
260
252
917
840
562
831
206
349
912
981
161
679
221
222
446
581
477
802
214
323
18
532
576
532
486
626
92
378
818
194
359
839
154
692
483
284
204
59
557
480
542
830
16
91
260
973
667
761
283
712
763
7
42
139
709
949
66
217
241
296
904
813
442
674
330
792
29
936
756
276
417
134
382
458
508
748
201
837
336
498
360
856
881
327
27
230
574
399
608
679
472
499
139
792
126
176
844
780
689
462
377
609
773
53
453
258
640
146
32
465
271
987
688
111
838
239
728
516
5
130
949
244
773
134
968
927
405
362
233
994
965
249
486
57
174
629
885
228
800
888
562
163
472
237
169
135
343
357
458
174
857
802
364
694
783
404
656
221
180
248
457
916
8
511
803
622
451
221
71
512
399
979
290
574
213
484
924
539
612
614
201
526
32
777
587
450
539
479
783
875
142
103
919
531
479
836
833
26
654
323
613
468
38
983
554
586
452
818
689
949
77
559
549
460
492
973
904
123
259
557
672
421
693
753
695
955
493
489
967
407
977
403
448
226
140
187
760
626
564
369
409
152
702
992
540
793
291
771
34
816
606
93
791
811
987
226
502
332
791
564
271
316
436
997
40
136
937
882
656
638
217
75
559
387
727
190
359
149
84
197
958
907
6
441
662
32
374
894
970
674
810
580
840
31
974
786
834
393
76
792
692
563
760
85
650
232
984
568
842
253
791
466
505
323
490
512
846
515
475
467
777
760
5
474
186
457
415
467
55
838
861
690
565
769
519
705
658
867
593
761
910
829
188
138
342
762
571
8
512
333
872
637
731
366
420
310
908
447
343
775
732
795
948
474
716
285
634
396
98
322
111
696
998
410
142
990
806
54
803
847
287
142
406
792
525
127
30
445
87
34
626
658
423
924
581
274
278
827
103
116
512
656
96
972
407
143
375
583
331
833
561
529
811
859
935
774
390
687
766
518
188
328
926
751
298
105
79
261
61
480
9
262
846
891
414
709
280
273
689
75
286
679
264
231
792
825
725
757
108
178
650
248
890
259
823
205
546
36
346
684
117
411
901
141
430
871
23
176
942
600
658
10
914
345
886
86
496
465
12
473
283
235
111
706
410
254
387
454
431
313
391
772
418
741
811
950
466
883
507
813
622
462
568
227
559
159
688
749
799
671
530
42
471
403
493
464
68
158
135
690
429
41
277
183
719
501
252
307
908
156
293
416
972
788
480
601
266
729
884
42
648
578
297
993
653
122
638
784
10
281
380
343
147
125
438
546
834
569
774
873
619
27
674
145
630
151
71
53
859
458
386
14
238
526
149
81
311
122
298
37
464
481
432
677
934
646
40
657
7
984
556
94
261
339
716
934
582
97
286
167
676
81
76
482
383
810
307
513
239
592
574
253
473
496
240
666
395
491
743
817
743
802
894
257
704
301
676
221
994
649
29
350
96
262
195
633
845
805
583
562
266
587
115
772
820
50
514
905
476
643
278
204
446
213
359
833
689
380
918
345
579
312
208
670
848
566
897
125
916
604
916
128
64
446
456
984
74
771
605
45
819
567
878
850
695
759
958
716
858
839
849
363
938
470
95
849
252
127
658
669
691
528
573
590
543
719
949
102
404
816
391
194
92
674
531
772
872
742
459
574
102
619
884
362
736
153
392
826
93
556
845
38
509
707
85
117
563
567
511
993
944
225
213
515
585
681
890
861
170
714
850
608
849
70
232
663
472
448
756
41
935
603
683
761
948
156
181
38
121
677
651
548
880
503
354
581
287
454
765
635
17
643
462
427
62
247
961
613
514
739
572
367
709
291
305
852
635
186
131
206
891
559
104
804
124
328
833
210
83
184
614
245
115
57
619
514
271
213
390
324
432
827
692
143
298
86
13
407
651
626
319
691
559
163
907
39
231
977
440
37
545
555
516
256
989
568
600
552
268
302
410
675
655
11
54
209
605
813
623
482
302
425
877
215
377
982
607
926
649
846
741
724
327
413
761
400
991
474
353
778
724
88
376
206
638
596
542
205
240
27
589
474
670
127
120
488
293
377
912
789
249
159
894
296
756
728
315
797
13
926
171
914
952
747
408
536
413
307
54
156
9
770
944
480
952
641
954
137
243
220
111
246
995
297
508
304
975
372
702
609
82
952
658
961
421
422
183
307
159
587
809
722
87
879
55
717
649
515
265
46
667
329
740
123
313
381
121
954
880
688
926
348
661
312
384
922
445
949
528
545
628
644
970
893
692
37
397
772
329
644
531
875
110
45
294
822
949
848
296
119
87
69
837
86
44
701
644
899
596
169
693
493
974
608
236
839
190
226
973
624
10
821
473
243
799
965
979
374
754
28
585
854
890
521
853
553
973
523
541
675
818
362
932
773
481
746
659
51
116
678
619
167
971
865
519
899
313
408
269
607
798
643
597
617
36
881
101
956
468
808
765
33
293
616
973
419
440
688
565
526
45
833
655
821
528
717
425
541
45
253
800
936
778
544
81
232
154
498
903
412
46
419
460
607
317
306
886
440
426
34
633
819
869
254
120
248
485
123
589
685
301
356
356
5
489
358
789
825
716
493
948
204
6
712
34
864
801
307
974
297
691
147
801
908
919
131
161
583
373
92
516
356
291
361
681
831
10
311
886
60
855
87
832
991
440
151
628
688
957
119
833
909
436
5
386
928
661
857
245
886
115
653
719
724
725
240
81
51
310
982
34
670
502
508
396
644
870
436
901
114
146
120
864
137
171
182
243
204
932
575
626
301
351
714
457
516
467
962
376
365
648
876
309
513
325
753
402
263
594
511
844
146
327
216
571
396
265
501
760
37
71
647
881
294
642
514
435
455
412
796
190
28
169
450
594
71
247
65
189
390
443
281
551
939
212
457
576
590
882
24
680
68
292
374
539
507
501
164
485
735
18
864
256
892
425
652
881
856
666
647
304
63
508
958
771
83
342
810
793
847
636
299
977
561
718
622
149
938
476
409
460
962
448
653
785
212
892
334
630
846
263
454
147
740
124
99
120
34
21
684
637
926
746
952
627
147
874
500
597
421
582
528
980
920
350
214
919
945
424
217
981
992
519
884
155
102
720
928
913
58
141
609
738
655
163
677
198
628
82
626
53
257
645
833
994
783
330
946
407
832
521
631
850
458
72
307
573
542
405
972
459
232
972
547
175
723
89
673
6
262
663
393
811
554
732
242
593
50
244
538
248
843
100
260
684
297
25
892
172
228
717
840
650
439
463
22
455
20
780
323
717
177
420
117
987
609
14
658
980
911
930
694
483
80
986
345
657
570
40
264
371
656
890
793
848
511
103
732
584
267
750
34
613
794
331
707
742
558
147
998
598
592
272
657
27
201
184
772
943
143
439
36
601
860
417
140
101
863
919
506
60
546
351
283
720
567
436
697
42
349
153
46
117
641
844
960
579
73
238
408
618
816
998
881
874
687
219
935
174
157
798
627
529
54
349
580
587
127
383
57
378
551
106
987
261
160
824
115
456
974
341
612
510
784
661
615
919
555
844
539
184
223
196
306
363
585
195
258
574
138
135
440
847
352
460
322
347
100
719
952
637
575
664
76
502
254
531
498
787
495
958
301
83
483
656
188
817
272
49
86
912
224
452
795
297
991
638
74
485
712
240
814
531
981
189
813
652
665
868
124
385
975
852
790
405
175
993
629
126
924
363
764
93
6
251
954
763
916
74
596
332
498
334
111
12
397
216
951
426
616
122
41
937
934
98
404
322
958
646
740
812
471
820
175
637
418
59
691
362
889
651
977
53
377
561
500
793
449
905
610
775
568
376
544
385
534
48
974
115
250
197
802
783
477
680
593
935
837
163
456
676
808
589
816
90
487
188
675
234
877
585
707
703
684
932
606
870
168
444
725
337
20
727
230
648
130
455
850
284
420
239
304
889
179
930
390
498
499
393
346
659
597
564
350
442
959
137
283
96
103
748
120
973
725
368
651
978
161
639
496
344
706
717
218
425
143
157
337
487
467
289
47
31
780
155
343
636
670
173
834
947
869
564
866
722
680
772
677
941
166
122
982
752
55
865
83
960
511
109
805
314
262
601
805
551
355
101
819
252
70
685
859
430
499
731
164
507
385
256
687
948
104
995
845
583
365
722
15
220
588
173
574
426
656
687
6
989
984
882
233
972
612
22
610
142
491
389
680
95
971
578
655
269
928
650
476
532
674
99
270
803
526
312
527
795
378
540
216
283
523
454
349
187
306
307
579
493
55
654
782
355
854
514
831
955
502
635
14
582
523
356
620
408
459
867
898
260
990
596
316
6
485
453
337
970
235
132
372
128
308
26
820
532
868
344
125
609
302
972
634
327
961
370
597
718
801
771
317
759
771
432
866
930
875
42
806
27
909
462
593
759
333
587
434
974
333
593
383
165
435
615
80
659
476
774
377
492
954
656
851
884
130
680
869
949
883
324
287
869
675
279
312
193
867
112
58
110
975
756
753
256
876
365
224
391
60
257
413
137
42
715
179
482
224
458
698
677
930
827
763
187
594
106
866
548
159
352
427
617
357
738
127
570
315
790
508
661
82
440
503
328
250
228
422
482
567
315
503
735
878
280
139
224
828
104
795
973
136
250
690
19
584
861
107
36
485
841
308
907
838
708
456
72
890
798
110
855
934
465
212
286
941
253
873
704
289
888
536
115
156
61
217
935
59
832
955
353
958
853
747
708
418
74
176
333
868
522
83
235
214
10
457
446
199
564
421
760
647
109
333
607
488
844
780
624
68
187
213
109
648
630
199
649
734
358
266
171
967
767
720
462
346
621
569
546
931
576
127
145
60
987
861
276
278
149
656
674
592
832
906
182
463
848
179
723
428
618
213
476
417
993
420
131
31
290
15
400
388
701
559
635
732
17
646
7
948
363
105
757
934
464
52
159
359
90
824
973
51
260
429
783
257
965
375
706
149
247
217
280
36
851
168
600
948
824
223
880
48
679
851
117
176
198
687
35
94
958
26
238
33
744
275
33
730
735
240
434
719
353
781
494
692
612
75
594
637
785
282
707
891
656
330
105
303
824
188
688
314
617
583
96
81
862
25
251
287
569
109
971
153
311
495
167
551
811
918
239
670
595
15
430
492
53
12
109
223
723
518
337
667
450
969
323
652
779
358
502
909
279
201
580
114
642
557
978
998
100
472
828
28
635
344
486
601
785
290
212
413
831
475
971
229
178
849
363
971
114
71
286
759
984
980
504
108
228
29
618
82
560
703
771
405
56
154
890
423
167
525
112
37
205
506
773
962
897
571
557
252
900
227
521
993
460
756
964
233
184
233
997
440
888
977
412
60
447
276
60
558
932
804
493
424
242
667
118
639
923
798
922
130
306
362
228
858
308
758
82
272
359
939
877
743
699
979
911
591
919
41
850
949
286
454
933
144
27
449
799
991
390
725
32
925
857
566
486
46
265
14
270
505
395
229
714
361
614
470
809
882
418
927
640
343
245
561
954
607
779
563
151
733
64
55
760
655
582
779
223
729
249
884
130
23
896
893
120
504
81
61
173
993
224
324
816
584
286
974
78
673
59
907
139
529
747
283
187
542
791
84
218
998
566
15
121
844
492
901
99
941
306
252
442
199
468
306
8
430
618
114
426
220
741
192
662
373
875
337
328
68
259
476
200
640
347
349
515
755
236
970
347
762
621
594
49
99
503
705
841
659
48
91
33
413
136
491
940
183
907
550
722
650
819
539
287
66
457
340
995
174
526
651
830
902
250
831
460
517
140
133
962
8
185
593
689
860
157
808
149
869
134
669
845
18
326
817
924
742
845
651
788
43
68
37
356
669
227
622
833
880
886
344
496
340
579
127
175
193
780
29
597
394
691
465
318
496
692
733
665
807
150
719
539
778
691
890
648
472
684
246
456
873
16
128
970
623
292
6
984
381
910
295
253
602
650
796
321
566
420
926
458
230
678
105
739
718
851
984
196
962
686
889
996
468
734
193
755
70
254
484
940
119
215
286
395
349
878
170
597
74
79
666
621
280
500
352
781
224
378
661
512
441
673
953
938
169
428
621
596
126
454
225
177
597
508
263
407
234
574
569
98
169
195
917
136
345
101
715
64
22
862
954
906
465
170
237
64
537
897
946
793
445
924
879
582
838
962
919
208
812
750
120
700
246
905
491
23
805
962
905
335
244
326
959
162
77
759
30
303
505
513
482
354
888
722
533
408
410
486
671
657
839
99
177
456
446
127
625
641
416
42
624
629
159
893
37
375
348
835
457
111
202
557
457
930
533
928
637
775
920
748
412
146
975
276
115
198
966
250
572
909
784
269
902
661
963
41
946
964
302
155
401
18
469
944
885
288
515
49
674
376
758
639
157
680
506
157
594
305
767
402
673
208
665
972
244
398
241
772
8
54
777
166
338
12
371
177
983
863
910
575
236
175
207
239
447
578
946
508
37
976
413
507
986
607
927
608
833
724
577
397
395
433
366
86
631
375
742
234
365
871
375
910
652
461
380
907
870
316
719
921
226
359
431
333
102
355
788
585
137
703
484
48
97
725
234
655
222
649
273
807
472
74
616
560
293
804
715
479
585
675
665
252
852
932
334
338
469
980
123
954
754
394
748
818
404
608
804
184
190
766
165
899
934
63
575
257
442
287
434
627
90
93
908
869
686
783
776
359
957
378
805
864
43
524
269
640
718
689
298
70
243
288
607
861
197
263
659
821
547
945
350
584
966
187
818
908
443
111
874
549
77
177
6
147
644
46
450
214
405
12
480
382
48
824
711
226
599
196
545
676
632
286
637
443
654
413
496
117
281
411
480
228
16
202
509
986
793
604
310
534
38
956
315
822
363
583
948
360
461
452
73
274
432
863
802
260
282
946
70
320
52
775
197
141
671
798
910
274
457
993
708
751
922
166
363
228
844
45
743
416
301
39
237
956
538
635
953
142
813
376
620
87
162
839
465
960
479
186
88
896
9
781
112
648
752
784
729
808
87
851
584
335
286
142
78
767
344
268
227
765
184
69
487
251
441
800
104
109
205
211
788
157
695
476
939
171
889
13
488
548
767
359
107
969
707
728
806
869
243
911
776
66
653
14
269
312
338
403
292
752
843
316
97
862
958
830
760
72
415
427
715
761
615
195
995
287
976
438
134
194
477
642
146
926
931
255
49
596
182
765
750
570
863
817
499
830
901
376
216
169
465
7
23
135
620
994
536
359
172
340
675
485
974
230
190
158
46
347
250
153
643
648
92
293
344
561
470
335
796
496
118
370
28
189