990
777 1224
168 753
631 1028
688 893
507 1235
738 870
128 895
858 912
517 783
160 1057
190 1054
983 1159
302 1060
630 663
548 1234
957 1205
733 912
539 863
220 1188
33 1076
641 1270
51 935
1037 1239
433 1003
1025 1057
1255 1292
960 1178
1148 1261
101 1114
641 894
636 694
1118 1194
503 1200
527 1039
1055 1230
471 881
255 901
137 976
217 1154
510 778
265 1025
529 864
853 1163
537 778
202 1114
895 1268
685 818
678 846
885 1123
326 649
224 1206
854 1185
206 667
989 1259
22 864
239 1071
860 1059
62 852
647 855
631 848
462 635
1237 1263
267 1030
421 931
343 997
825 1007
526 912
622 781
745 1288
914 1049
894 1022
782 789
804 907
609 746
766 1154
359 711
1194 1290
175 1147
136 1253
116 1134
286 1074
1243 1260
566 1054
262 1217
1067 1134
1015 1108
920 1261
634 1284
395 794
363 1071
650 1049
564 915
46 681
389 708
657 847
1182 1265
950 1291
104 1265
709 961
123 1240
306 726
760 1118
614 1296
922 1134
294 664
446 794
636 1269
449 882
523 1097
425 1278
76 744
890 999
959 1123
978 1019
801 1272
789 936
238 1270
664 909
617 1137
473 782
225 657
545 1051
181 1139
213 1010
342 656
534 1193
261 760
691 1185
371 1089
643 1075
34 1140
153 1197
355 762
875 890
741 771
535 871
722 849
662 923
145 1045
118 1146
413 1154
898 927
1085 1283
203 980
945 1144
579 999
291 1205
470 971
663 772
16 1202
990 1025
444 1125
252 1083
204 1051
877 1218
933 1110
623 869
1162 1206
678 1235
329 767
728 1135
99 1159
13 853
781 940
1090 1161
1055 1203
748 963
919 977
781 1046
65 984
893 1167
627 1177
721 1216
877 1250
723 1204
1037 1214
733 1202
412 1127
881 892
867 1152
1186 1220
779 1010
170 821
1133 1272
994 1244
515 999
917 1161
1046 1220
338 742
366 1106
351 872
951 1215
256 693
878 948
856 879
18 889
408 968
949 992
15 828
900 1014
1185 1206
127 696
457 1068
378 1099
102 926
320 728
97 1013
954 1261
297 1116
356 1070
872 1226
873 1130
1054 1112
792 1139
96 1059
229 711
109 864
780 1209
1161 1266
1043 1140
461 1294
374 840
1034 1054
614 855
731 909
627 1235
98 1164
70 1299
257 875
52 601
1008 1264
275 1151
198 1231
765 1005
73 1172
752 1227
269 945
1097 1262
707 1062
195 662
647 903
156 1244
671 738
317 1183
671 764
161 1159
360 1293
956 1142
56 1280
613 816
728 1065
717 814
84 998
839 899
916 1126
311 1089
987 1017
836 1113
1061 1098
967 976
270 994
274 611
1027 1106
1070 1293
1094 1197
426 1285
287 682
347 911
1051 1130
705 739
783 921
511 895
231 775
53 712
637 1023
724 1288
230 1033
242 935
455 1117
712 818
150 671
1154 1188
944 979
254 1283
941 1044
300 1060
209 1130
758 1067
621 985
1184 1295
1175 1252
131 847
946 1108
665 829
654 1114
626 1132
447 895
528 1238
676 920
962 1127
684 1016
560 897
289 643
573 1018
620 1218
639 998
362 684
1188 1256
1009 1244
753 823
1124 1299
353 849
1015 1249
776 1044
19 795
495 611
580 1224
643 797
1183 1252
532 1229
913 1235
332 975
1083 1203
370 910
674 1130
382 1271
341 778
726 734
211 1135
192 665
598 1231
416 1167
483 1186
367 1175
1036 1132
970 1111
1108 1169
768 911
672 1202
577 1031
551 690
943 1217
468 777
390 1020
377 1200
417 1261
50 963
1118 1298
124 1046
611 958
818 1273
1017 1031
437 1221
201 1013
540 1016
93 674
1170 1299
346 1096
276 883
147 1216
1173 1290
119 727
757 1236
820 848
925 1024
402 1095
853 1170
761 1193
831 1168
106 839
173 1183
7 1115
1149 1206
671 1280
662 857
748 1022
37 895
210 1049
853 1256
705 886
635 984
1062 1248
481 1192
1169 1282
72 1106
939 1107
656 1281
624 1013
155 1295
992 1063
165 1009
1021 1026
615 887
965 1224
404 794
407 740
143 613
620 632
552 895
385 1293
518 1135
830 1290
896 1019
562 614
559 1145
755 988
340 796
361 701
772 1110
308 1203
677 869
199 938
334 1020
323 994
634 1146
409 878
264 1246
773 1072
769 1107
1145 1258
759 1161
953 1113
484 938
1032 1185
246 863
1205 1226
679 961
17 785
1022 1131
649 1277
966 1153
1136 1261
864 1135
938 1132
79 885
939 944
723 784
427 706
565 1246
674 996
82 715
814 908
1080 1223
975 978
1112 1125
299 794
917 1126
770 1102
322 822
1116 1297
313 1168
854 1001
108 715
684 910
706 790
445 1235
490 763
492 1010
193 810
588 784
632 1298
215 633
802 1217
1092 1220
968 1084
466 1240
806 1173
723 1197
761 1200
20 1070
695 890
905 1283
1014 1128
152 702
843 1283
762 870
713 923
1029 1095
235 1135
12 893
578 1274
795 1275
736 989
604 1086
708 835
309 968
790 905
556 1215
759 1159
682 683
921 1262
987 1120
205 1197
547 1121
586 909
1201 1294
1077 1136
513 1199
36 1004
277 1235
87 868
452 671
1104 1125
133 1208
380 1226
825 851
169 1231
1134 1166
227 815
258 658
670 738
684 928
619 894
883 1261
827 1024
272 760
500 1148
894 1182
1110 1263
74 1121
765 908
829 897
432 1290
216 1074
442 817
414 828
538 637
352 1183
423 870
837 1126
177 1170
653 743
836 1183
625 745
810 1114
845 1141
915 1088
1105 1204
719 778
971 1295
172 639
594 833
111 709
393 713
1058 1114
48 1131
634 1060
929 1265
571 1244
491 1022
858 1223
1096 1175
978 995
667 677
770 1196
797 1068
1102 1186
807 1108
852 1202
554 694
962 1054
1081 1165
697 1244
266 1039
606 1185
844 1085
312 909
690 878
926 1221
49 1093
629 989
90 1098
1005 1189
9 1150
1172 1185
964 1033
388 1263
328 674
633 864
568 895
713 1273
735 868
828 960
1184 1266
726 949
995 1299
738 1093
727 882
45 696
69 985
279 1001
482 737
453 870
1002 1013
834 1285
825 866
166 1182
318 972
574 761
850 1045
75 1188
659 1229
1057 1157
1100 1242
221 909
259 956
434 714
592 1060
113 1206
132 890
435 1206
372 992
652 757
756 1024
1066 1296
522 1159
174 972
720 847
1004 1032
105 1031
800 1275
403 1161
719 908
725 819
885 907
998 1224
755 1279
431 1038
628 1125
575 1204
1009 1290
850 1157
664 1223
91 663
981 1159
689 939
1016 1135
797 1212
1018 1207
613 774
107 792
536 813
593 607
646 1093
710 747
859 1256
438 976
617 1260
375 772
833 977
546 1220
418 1227
714 1110
610 868
337 899
811 1245
245 727
268 729
718 863
114 675
463 1026
997 1182
64 1088
399 715
647 1217
357 845
693 1211
531 1286
906 1054
478 846
680 1145
1084 1199
103 666
485 1221
606 918
325 1178
1082 1157
725 892
39 1246
772 891
112 1273
729 957
47 712
645 937
555 991
637 1244
974 1012
613 710
11 783
282 982
607 752
464 834
813 1096
653 768
622 980
197 607
1027 1285
956 1145
126 1033
656 1240
459 901
176 1061
712 1113
307 1135
280 1068
333 1095
879 1123
59 1235
778 916
828 979
477 1260
576 1106
595 738
250 981
682 1152
226 1216
767 1140
354 700
880 1292
748 1073
138 776
794 1022
148 1260
298 1201
1064 1194
400 853
583 882
263 828
796 1246
1048 1132
993 1071
561 1293
722 1036
379 754
849 1147
932 1270
599 1120
1067 1209
502 646
14 622
615 1292
615 786
1027 1246
563 763
1008 1049
757 1145
32 1194
804 1286
1018 1084
530 1264
335 621
867 961
350 1139
243 1137
985 1030
716 1084
488 771
675 712
533 709
316 718
701 1267
660 1106
952 1224
194 678
669 938
185 1222
454 1196
623 976
219 1026
715 1222
496 1062
761 1187
392 931
142 672
676 876
472 1267
365 999
707 972
179 867
415 1062
651 821
451 904
1000 1243
620 1115
110 971
751 1258
853 1029
89 1190
712 1050
514 1105
557 961
154 614
260 1246
1136 1247
947 1193
149 1146
284 828
614 991
58 1000
1165 1292
904 1175
1143 1238
30 723
1003 1188
793 1204
585 1057
505 664
890 1056
187 1182
1103 1245
520 609
749 1192
237 1174
249 1106
23 931
8 1238
85 636
658 1208
273 679
1027 1244
241 1021
600 696
889 1057
641 1046
1151 1208
591 931
1148 1230
609 1178
800 1114
688 821
234 878
450 664
191 677
653 878
83 1089
541 1295
715 1119
524 1196
930 1251
779 1010
436 763
71 912
844 1193
1116 1141
686 1293
508 705
763 846
244 843
460 1224
646 1020
841 1017
391 1221
1053 1156
1054 1079
989 1031
283 992
422 650
622 692
38 1074
443 1245
927 970
1078 1223
1176 1203
687 772
915 1093
223 998
336 1165
695 1260
141 649
519 1234
812 1123
635 1263
61 1218
587 712
68 695
584 923
182 1127
784 1219
330 960
348 795
405 867
590 976
741 773
162 737
690 912
694 900
278 1265
763 1215
918 1003
1035 1066
1112 1239
634 1142
512 878
943 952
696 1089
963 1288
828 1226
701 1295
469 876
1138 1218
487 972
803 1014
467 760
345 802
627 889
200 772
602 1086
673 1132
1068 1289
208 1123
295 960
251 1240
164 672
1059 1192
324 1290
218 1091
795 1287
682 1274
739 740
1089 1191
396 840
196 1298
29 1227
611 1052
679 1122
1127 1290
787 1135
886 934
861 956
748 884
753 761
681 960
1010 1101
722 744
1116 1222
440 1263
285 752
847 1117
648 677
186 1057
21 1025
775 1180
401 625
745 1108
319 958
398 1284
290 965
304 1125
42 1194
525 1118
1014 1040
949 1107
1117 1210
616 1290
171 1121
581 1175
855 1011
27 1255
770 1106
67 952
638 1168
448 667
122 805
719 1087
1228 1239
631 755
603 1257
386 915
66 858
158 700
10 757
799 1135
723 1168
139 701
643 693
663 780
773 1052
832 1018
1161 1242
499 1284
321 852
1074 1292
1171 1208
228 650
723 789
157 1299
1233 1273
770 862
184 1118
710 792
